 1.00000000e+06  1.18874822e+02  1.00000000e+06 -3.26471109e-01 
 1.03923203e+06  1.18874836e+02  1.03923203e+06 -3.39279476e-01 
 1.08000320e+06  1.18874850e+02  1.08000320e+06 -3.52590369e-01 
 1.12237392e+06  1.18874866e+02  1.12237392e+06 -3.66423508e-01 
 1.16640692e+06  1.18874884e+02  1.16640692e+06 -3.80799383e-01 
 1.21216743e+06  1.18874902e+02  1.21216743e+06 -3.95739294e-01 
 1.25972321e+06  1.18874922e+02  1.25972321e+06 -4.11265372e-01 
 1.30914471e+06  1.18874944e+02  1.30914471e+06 -4.27400620e-01 
 1.36050511e+06  1.18874968e+02  1.36050511e+06 -4.44168943e-01 
 1.41388048e+06  1.18874993e+02  1.41388048e+06 -4.61595186e-01 
 1.46934987e+06  1.18875020e+02  1.46934987e+06 -4.79705166e-01 
 1.52699545e+06  1.18875050e+02  1.52699545e+06 -4.98525718e-01 
 1.58690257e+06  1.18875082e+02  1.58690257e+06 -5.18084729e-01 
 1.64915998e+06  1.18875116e+02  1.64915998e+06 -5.38411181e-01 
 1.71385986e+06  1.18875154e+02  1.71385986e+06 -5.59535194e-01 
 1.78109806e+06  1.18875194e+02  1.78109806e+06 -5.81488072e-01 
 1.85097414e+06  1.18875237e+02  1.85097414e+06 -6.04302350e-01 
 1.92359161e+06  1.18875284e+02  1.92359161e+06 -6.28011839e-01 
 1.99905801e+06  1.18875335e+02  1.99905801e+06 -6.52651680e-01 
 2.07748510e+06  1.18875390e+02  2.07748510e+06 -6.78258395e-01 
 2.15898905e+06  1.18875449e+02  2.15898905e+06 -7.04869940e-01 
 2.24369057e+06  1.18875513e+02  2.24369057e+06 -7.32525766e-01 
 2.33171509e+06  1.18875582e+02  2.33171509e+06 -7.61266873e-01 
 2.42319300e+06  1.18875656e+02  2.42319300e+06 -7.91135873e-01 
 2.51825977e+06  1.18875737e+02  2.51825977e+06 -8.22177056e-01 
 2.61705621e+06  1.18875824e+02  2.61705621e+06 -8.54436453e-01 
 2.71972862e+06  1.18875918e+02  2.71972862e+06 -8.87961908e-01 
 2.82642909e+06  1.18876019e+02  2.82642909e+06 -9.22803144e-01 
 2.93731563e+06  1.18876128e+02  2.93731563e+06 -9.59011846e-01 
 3.05255247e+06  1.18876247e+02  3.05255247e+06 -9.96641733e-01 
 3.17231029e+06  1.18876374e+02  3.17231029e+06 -1.03574864e+00 
 3.29676645e+06  1.18876512e+02  3.29676645e+06 -1.07639060e+00 
 3.42610528e+06  1.18876661e+02  3.42610528e+06 -1.11862794e+00 
 3.56051833e+06  1.18876822e+02  3.56051833e+06 -1.16252335e+00 
 3.70020468e+06  1.18876996e+02  3.70020468e+06 -1.20814202e+00 
 3.84537121e+06  1.18877183e+02  3.84537121e+06 -1.25555169e+00 
 3.99623291e+06  1.18877386e+02  3.99623291e+06 -1.30482278e+00 
 4.15301323e+06  1.18877605e+02  4.15301323e+06 -1.35602850e+00 
 4.31594435e+06  1.18877841e+02  4.31594435e+06 -1.40924494e+00 
 4.48526759e+06  1.18878096e+02  4.48526759e+06 -1.46455122e+00 
 4.66123373e+06  1.18878372e+02  4.66123373e+06 -1.52202956e+00 
 4.84410337e+06  1.18878670e+02  4.84410337e+06 -1.58176548e+00 
 5.03414736e+06  1.18878991e+02  5.03414736e+06 -1.64384784e+00 
 5.23164716e+06  1.18879339e+02  5.23164716e+06 -1.70836906e+00 
 5.43689528e+06  1.18879714e+02  5.43689528e+06 -1.77542522e+00 
 5.65019570e+06  1.18880119e+02  5.65019570e+06 -1.84511622e+00 
 5.87186433e+06  1.18880557e+02  5.87186433e+06 -1.91754593e+00 
 6.10222946e+06  1.18881029e+02  6.10222946e+06 -1.99282234e+00 
 6.34163229e+06  1.18881539e+02  6.34163229e+06 -2.07105779e+00 
 6.59042737e+06  1.18882091e+02  6.59042737e+06 -2.15236905e+00 
 6.84898319e+06  1.18882686e+02  6.84898319e+06 -2.23687761e+00 
 7.11768268e+06  1.18883329e+02  7.11768268e+06 -2.32470978e+00 
 7.39692379e+06  1.18884023e+02  7.39692379e+06 -2.41599696e+00 
 7.68712010e+06  1.18884773e+02  7.68712010e+06 -2.51087583e+00 
 7.98870140e+06  1.18885583e+02  7.98870140e+06 -2.60948854e+00 
 8.30211434e+06  1.18886458e+02  8.30211434e+06 -2.71198302e+00 
 8.62782311e+06  1.18887403e+02  8.62782311e+06 -2.81851313e+00 
 8.96631009e+06  1.18888423e+02  8.96631009e+06 -2.92923899e+00 
 9.31807660e+06  1.18889526e+02  9.31807660e+06 -3.04432722e+00 
 9.68364363e+06  1.18890716e+02  9.68364363e+06 -3.16395121e+00 
 1.00635526e+07  1.18892002e+02  1.00635526e+07 -3.28829143e+00 
 1.04583661e+07  1.18893390e+02  1.04583661e+07 -3.41753576e+00 
 1.08686690e+07  1.18894890e+02  1.08686690e+07 -3.55187978e+00 
 1.12950690e+07  1.18896510e+02  1.12950690e+07 -3.69152714e+00 
 1.17381974e+07  1.18898259e+02  1.17381974e+07 -3.83668992e+00 
 1.21987107e+07  1.18900149e+02  1.21987107e+07 -3.98758902e+00 
 1.26772908e+07  1.18902190e+02  1.26772908e+07 -4.14445457e+00 
 1.31746466e+07  1.18904394e+02  1.31746466e+07 -4.30752632e+00 
 1.36915147e+07  1.18906775e+02  1.36915147e+07 -4.47705416e+00 
 1.42286605e+07  1.18909346e+02  1.42286605e+07 -4.65329856e+00 
 1.47868797e+07  1.18912124e+02  1.47868797e+07 -4.83653111e+00 
 1.53669990e+07  1.18915123e+02  1.53669990e+07 -5.02703502e+00 
 1.59698775e+07  1.18918364e+02  1.59698775e+07 -5.22510576e+00 
 1.65964081e+07  1.18921864e+02  1.65964081e+07 -5.43105165e+00 
 1.72475189e+07  1.18925644e+02  1.72475189e+07 -5.64519450e+00 
 1.79241740e+07  1.18929727e+02  1.79241740e+07 -5.86787035e+00 
 1.86273756e+07  1.18934138e+02  1.86273756e+07 -6.09943023e+00 
 1.93581653e+07  1.18938902e+02  1.93581653e+07 -6.34024094e+00 
 2.01176254e+07  1.18944048e+02  2.01176254e+07 -6.59068595e+00 
 2.09068806e+07  1.18949607e+02  2.09068806e+07 -6.85116631e+00 
 2.17270999e+07  1.18955611e+02  2.17270999e+07 -7.12210170e+00 
 2.25794980e+07  1.18962097e+02  2.25794980e+07 -7.40393150e+00 
 2.34653375e+07  1.18969104e+02  2.34653375e+07 -7.69711595e+00 
 2.43859302e+07  1.18976673e+02  2.43859302e+07 -8.00213747e+00 
 2.53426397e+07  1.18984849e+02  2.53426397e+07 -8.31950205e+00 
 2.63368828e+07  1.18993682e+02  2.63368828e+07 -8.64974072e+00 
 2.73701320e+07  1.19003225e+02  2.73701320e+07 -8.99341125e+00 
 2.84439178e+07  1.19013534e+02  2.84439178e+07 -9.35109991e+00 
 2.95598303e+07  1.19024672e+02  2.95598303e+07 -9.72342349e+00 
 3.07195223e+07  1.19036705e+02  3.07195223e+07 -1.01110314e+01 
 3.19247115e+07  1.19049706e+02  3.19247115e+07 -1.05146082e+01 
 3.31771826e+07  1.19063753e+02  3.31771826e+07 -1.09348758e+01 
 3.44787907e+07  1.19078931e+02  3.44787907e+07 -1.13725971e+01 
 3.58314635e+07  1.19095330e+02  3.58314635e+07 -1.18285784e+01 
 3.72372044e+07  1.19113052e+02  3.72372044e+07 -1.23036734e+01 
 3.86980954e+07  1.19132202e+02  3.86980954e+07 -1.27987869e+01 
 4.02163001e+07  1.19152896e+02  4.02163001e+07 -1.33148796e+01 
 4.17940670e+07  1.19175261e+02  4.17940670e+07 -1.38529723e+01 
 4.34337329e+07  1.19199432e+02  4.34337329e+07 -1.44141519e+01 
 4.51377263e+07  1.19225557e+02  4.51377263e+07 -1.49995776e+01 
 4.69085707e+07  1.19253795e+02  4.69085707e+07 -1.56104872e+01 
 4.87488890e+07  1.19284318e+02  4.87488890e+07 -1.62482053e+01 
 5.06614067e+07  1.19317314e+02  5.06614067e+07 -1.69141520e+01 
 5.26489564e+07  1.19352985e+02  5.26489564e+07 -1.76098528e+01 
 5.47144816e+07  1.19391551e+02  5.47144816e+07 -1.83369496e+01 
 5.68610416e+07  1.19433251e+02  5.68610416e+07 -1.90972137e+01 
 5.90918154e+07  1.19478341e+02  5.90918154e+07 -1.98925604e+01 
 6.14101071e+07  1.19527102e+02  6.14101071e+07 -2.07250652e+01 
 6.38193500e+07  1.19579836e+02  6.38193500e+07 -2.15969837e+01 
 6.63231124e+07  1.19636874e+02  6.63231124e+07 -2.25107726e+01 
 6.89251025e+07  1.19698570e+02  6.89251025e+07 -2.34691159e+01 
 7.16291739e+07  1.19765311e+02  7.16291739e+07 -2.44749536e+01 
 7.44393316e+07  1.19837518e+02  7.44393316e+07 -2.55315159e+01 
 7.73597374e+07  1.19915643e+02  7.73597374e+07 -2.66423627e+01 
 8.03947166e+07  1.20000179e+02  8.03947166e+07 -2.78114302e+01 
 8.35487643e+07  1.20091658e+02  8.35487643e+07 -2.90430845e+01 
 8.68265516e+07  1.20190659e+02  8.68265516e+07 -3.03421855e+01 
 9.02329331e+07  1.20297804e+02  9.02329331e+07 -3.17141622e+01 
 9.37729539e+07  1.20413766e+02  9.37729539e+07 -3.31651014e+01 
 9.74518569e+07  1.20539272e+02  9.74518569e+07 -3.47018534e+01 
 1.01275091e+08  1.20675100e+02  1.01275091e+08 -3.63321576e+01 
 1.05248318e+08  1.20822085e+02  1.05248318e+08 -3.80647931e+01 
 1.09377422e+08  1.20981117e+02  1.09377422e+08 -3.99097582e+01 
 1.13668520e+08  1.21153136e+02  1.13668520e+08 -4.18784866e+01 
 1.18127967e+08  1.21339128e+02  1.18127967e+08 -4.39841066e+01 
 1.22762366e+08  1.21540113e+02  1.22762366e+08 -4.62417530e+01 
 1.27578583e+08  1.21757127e+02  1.27578583e+08 -4.86689409e+01 
 1.32583749e+08  1.21991188e+02  1.32583749e+08 -5.12860116e+01 
 1.37785278e+08  1.22243251e+02  1.37785278e+08 -5.41166614e+01 
 1.43190874e+08  1.22514140e+02  1.43190874e+08 -5.71885586e+01 
 1.48808542e+08  1.22804440e+02  1.48808542e+08 -6.05340462e+01 
 1.54646602e+08  1.23114347e+02  1.54646602e+08 -6.41909097e+01 
 1.60713702e+08  1.23443452e+02  1.60713702e+08 -6.82031527e+01 
 1.67018826e+08  1.23790425e+02  1.67018826e+08 -7.26216595e+01 
 1.73571313e+08  1.24152600e+02  1.73571313e+08 -7.75045133e+01 
 1.80380867e+08  1.24525398e+02  1.80380867e+08 -8.29165638e+01 
 1.87457574e+08  1.24901624e+02  1.87457574e+08 -8.89275928e+01 
 1.94811915e+08  1.25270659e+02  1.94811915e+08 -9.56081392e+01 
 2.02454781e+08  1.25617712e+02  2.02454781e+08 -1.03021875e+02 
 2.10397492e+08  1.25923465e+02  2.10397492e+08 -1.11213729e+02 
 2.18651812e+08  1.26164608e+02  2.18651812e+08 -1.20194351e+02 
 2.27229966e+08  1.26315841e+02  2.27229966e+08 -1.29924380e+02 
 2.36144658e+08  1.26353523e+02  2.36144658e+08 -1.40305665e+02 
 2.45409091e+08  1.26260180e+02  2.45409091e+08 -1.51187804e+02 
 2.55036987e+08  1.26028087e+02  2.55036987e+08 -1.62393423e+02 
 2.65042605e+08  1.25659943e+02  2.65042605e+08 -1.73754854e+02 
 2.75440763e+08  1.25166058e+02  2.75440763e+08  1.74853474e+02 
 2.86246862e+08  1.24559365e+02  2.86246862e+08  1.63500691e+02 
 2.97476907e+08  1.23850487e+02  2.97476907e+08  1.52206573e+02 
 3.09147529e+08  1.23044578e+02  3.09147529e+08  1.40963878e+02 
 3.21276013e+08  1.22140635e+02  3.21276013e+08  1.29766200e+02 
 3.33880322e+08  1.21133147e+02  3.33880322e+08  1.18632419e+02 
 3.46979123e+08  1.20015435e+02  3.46979123e+08  1.07620732e+02 
 3.60591817e+08  1.18783590e+02  3.60591817e+08  9.68278390e+01 
 3.74738565e+08  1.17439618e+02  3.74738565e+08  8.63734264e+01 
 3.89440318e+08  1.15992617e+02  3.89440318e+08  7.63760519e+01 
 4.04718851e+08  1.14457695e+02  4.04718851e+08  6.69302087e+01 
 4.20596791e+08  1.12853394e+02  4.20596791e+08  5.80926348e+01 
 4.37097656e+08  1.11198809e+02  4.37097656e+08  4.98801924e+01 
 4.54245882e+08  1.09511368e+02  4.54245882e+08  4.22763698e+01 
 4.72066869e+08  1.07805608e+02  4.72066869e+08  3.52415238e+01 
 4.90587008e+08  1.06092833e+02  4.90587008e+08  2.87229446e+01 
 5.09833731e+08  1.04381320e+02  5.09833731e+08  2.26627643e+01 
 5.29835541e+08  1.02676795e+02  5.29835541e+08  1.70032858e+01 
 5.50622063e+08  1.00982969e+02  5.50622063e+08  1.16901108e+01 
 5.72224082e+08  9.93020332e+01  5.72224082e+08  6.67368180e+00 
 5.94673592e+08  9.76350719e+01  5.94673592e+08  1.90980659e+00 
 6.18003842e+08  9.59823818e+01  6.18003842e+08 -2.64040894e+00 
 6.42249385e+08  9.43437159e+01  6.42249385e+08 -7.01093571e+00 
 6.67446130e+08  9.27184609e+01  6.67446130e+08 -1.12313277e+01 
 6.93631394e+08  9.11057657e+01  6.93631394e+08 -1.53272589e+01 
 7.20843959e+08  8.95046320e+01  7.20843959e+08 -1.93210370e+01 
 7.49124128e+08  8.79139786e+01  7.49124128e+08 -2.32320698e+01 
 7.78513785e+08  8.63326856e+01  7.78513785e+08 -2.70772736e+01 
 8.09056459e+08  8.47596248e+01  8.09056459e+08 -3.08714258e+01 
 8.40797383e+08  8.31936805e+01  8.40797383e+08 -3.46274634e+01 
 8.73783568e+08  8.16337627e+01  8.73783568e+08 -3.83567350e+01 
 9.08063868e+08  8.00788166e+01  9.08063868e+08 -4.20692120e+01 
 9.43689053e+08  7.85278282e+01  9.43689053e+08 -4.57736652e+01 
 9.80711887e+08  7.69798273e+01  9.80711887e+08 -4.94778114e+01 
 1.01918720e+09  7.54338903e+01  1.01918720e+09 -5.31884367e+01 
 1.05917198e+09  7.38891408e+01  1.05917198e+09 -5.69114992e+01 
 1.10072544e+09  7.23447508e+01  1.10072544e+09 -6.06522143e+01 
 1.14390913e+09  7.07999410e+01  1.14390913e+09 -6.44151275e+01 
 1.18878701e+09  6.92539813e+01  1.18878701e+09 -6.82041754e+01 
 1.23542553e+09  6.77061914e+01  1.23542553e+09 -7.20227375e+01 
 1.28389378e+09  6.61559412e+01  1.28389378e+09 -7.58736809e+01 
 1.33426353e+09  6.46026519e+01  1.33426353e+09 -7.97593999e+01 
 1.38660939e+09  6.30457967e+01  1.38660939e+09 -8.36818503e+01 
 1.44100889e+09  6.14849019e+01  1.44100889e+09 -8.76425802e+01 
 1.49754259e+09  5.99195483e+01  1.49754259e+09 -9.16427593e+01 
 1.55629422e+09  5.83493723e+01  1.55629422e+09 -9.56832047e+01 
 1.61735079e+09  5.67740671e+01  1.61735079e+09 -9.97644067e+01 
 1.68080274e+09  5.51933841e+01  1.68080274e+09 -1.03886553e+02 
 1.74674404e+09  5.36071338e+01  1.74674404e+09 -1.08049551e+02 
 1.81527234e+09  5.20151871e+01  1.81527234e+09 -1.12253055e+02 
 1.88648916e+09  5.04174755e+01  1.88648916e+09 -1.16496481e+02 
 1.96049995e+09  4.88139920e+01  1.96049995e+09 -1.20779038e+02 
 2.03741433e+09  4.72047911e+01  2.03741433e+09 -1.25099744e+02 
 2.11734623e+09  4.55899883e+01  2.11734623e+09 -1.29457446e+02 
 2.20041401e+09  4.39697595e+01  2.20041401e+09 -1.33850845e+02 
 2.28674071e+09  4.23443400e+01  2.28674071e+09 -1.38278513e+02 
 2.37645418e+09  4.07140227e+01  2.37645418e+09 -1.42738910e+02 
 2.46968729e+09  3.90791558e+01  2.46968729e+09 -1.47230403e+02 
 2.56657813e+09  3.74401407e+01  2.56657813e+09 -1.51751280e+02 
 2.66727019e+09  3.57974284e+01  2.66727019e+09 -1.56299764e+02 
 2.77191261e+09  3.41515160e+01  2.77191261e+09 -1.60874027e+02 
 2.88066035e+09  3.25029432e+01  2.88066035e+09 -1.65472198e+02 
 2.99367450e+09  3.08522874e+01  2.99367450e+09 -1.70092375e+02 
 3.11112241e+09  2.92001589e+01  3.11112241e+09 -1.74732630e+02 
 3.23317805e+09  2.75471963e+01  3.23317805e+09 -1.79391014e+02 
 3.36002217e+09  2.58940609e+01  3.36002217e+09  1.75934432e+02 
 3.49184265e+09  2.42414314e+01  3.49184265e+09  1.71245680e+02 
 3.62883471e+09  2.25899979e+01  3.62883471e+09  1.66544708e+02 
 3.77120125e+09  2.09404569e+01  3.77120125e+09  1.61833497e+02 
 3.91915312e+09  1.92935048e+01  3.91915312e+09  1.57114027e+02 
 4.07290944e+09  1.76498333e+01  4.07290944e+09  1.52388278e+02 
 4.23269793e+09  1.60101231e+01  4.23269793e+09  1.47658218e+02 
 4.39875524e+09  1.43750395e+01  4.39875524e+09  1.42925804e+02 
 4.57132732e+09  1.27452269e+01  4.57132732e+09  1.38192975e+02 
 4.75066976e+09  1.11213050e+01  4.75066976e+09  1.33461640e+02 
 4.93704816e+09  9.50386420e+00  4.93704816e+09  1.28733675e+02 
 5.13073856e+09  7.89346220e+00  5.13073856e+09  1.24010907e+02 
 5.33202783e+09  6.29062120e+00  5.33202783e+09  1.19295104e+02 
 5.54121409e+09  4.69582526e+00  5.54121409e+09  1.14587966e+02 
 5.75860714e+09  3.10951858e+00  5.75860714e+09  1.09891102e+02 
 5.98452897e+09  1.53210429e+00  5.98452897e+09  1.05206024e+02 
 6.21931417e+09 -3.60560808e-02  6.21931417e+09  1.00534126e+02 
 6.46331046e+09 -1.59464253e+00  6.46331046e+09  9.58766705e+01 
 6.71687923e+09 -3.14337585e+00  6.71687923e+09  9.12347720e+01 
 6.98039601e+09 -4.68201637e+00  6.98039601e+09  8.66093839e+01 
 7.25425109e+09 -6.21036210e+00  7.25425109e+09  8.20012831e+01 
 7.53885006e+09 -7.72824636e+00  7.53885006e+09  7.74110585e+01 
 7.83461442e+09 -9.23553505e+00  7.83461442e+09  7.28391000e+01 
 8.14198222e+09 -1.07321234e+01  8.14198222e+09  6.82855890e+01 
 8.46140868e+09 -1.22179326e+01  8.46140868e+09  6.37504921e+01 
 8.79336689e+09 -1.36929059e+01  8.79336689e+09  5.92335562e+01 
 9.13834849e+09 -1.51570047e+01  9.13834849e+09  5.47343063e+01 
 9.49686441e+09 -1.66102045e+01  9.49686441e+09  5.02520452e+01 
 9.86944565e+09 -1.80524911e+01  9.86944565e+09  4.57858564e+01 
 1.02566440e+10 -1.94838558e+01  1.02566440e+10  4.13346089e+01 
 1.06590329e+10 -2.09042918e+01  1.06590329e+10  3.68969640e+01 
 1.10772084e+10 -2.23137904e+01  1.10772084e+10  3.24713847e+01 
 1.15117897e+10 -2.37123364e+01  1.15117897e+10  2.80561471e+01 
 1.19634205e+10 -2.50999053e+01  1.19634205e+10  2.36493536e+01 
 1.24327698e+10 -2.64764592e+01  1.24327698e+10  1.92489474e+01 
 1.29205325e+10 -2.78419436e+01  1.29205325e+10  1.48527297e+01 
 1.34274312e+10 -2.91962848e+01  1.34274312e+10  1.04583770e+01 
 1.39542165e+10 -3.05393866e+01  1.39542165e+10  6.06346068e+00 
 1.45016687e+10 -3.18711281e+01  1.45016687e+10  1.66546745e+00 
 1.50705986e+10 -3.31913612e+01  1.50705986e+10 -2.73817931e+00 
 1.56618487e+10 -3.44999092e+01  1.56618487e+10 -7.15009708e+00 
 1.62762947e+10 -3.57965643e+01  1.62762947e+10 -1.15729209e+01 
 1.69148468e+10 -3.70810870e+01  1.69148468e+10 -1.60092792e+01 
 1.75784505e+10 -3.83532045e+01  1.75784505e+10 -2.04617694e+01 
 1.82680887e+10 -3.96126105e+01  1.82680887e+10 -2.49329322e+01 
 1.89847828e+10 -4.08589643e+01  1.89847828e+10 -2.94252260e+01 
 1.97295943e+10 -4.20918908e+01  1.97295943e+10 -3.39410008e+01 
 2.05036263e+10 -4.33109811e+01  2.05036263e+10 -3.84824711e+01 
 2.13080251e+10 -4.45157930e+01  2.13080251e+10 -4.30516897e+01 
 2.21439821e+10 -4.57058521e+01  2.21439821e+10 -4.76505209e+01 
 2.30127354e+10 -4.68806531e+01  2.30127354e+10 -5.22806140e+01 
 2.39155716e+10 -4.80396618e+01  2.39155716e+10 -5.69433767e+01 
 2.48538280e+10 -4.91823176e+01  2.48538280e+10 -6.16399504e+01 
 2.58288940e+10 -5.03080359e+01  2.58288940e+10 -6.63711846e+01 
 2.68422138e+10 -5.14162119e+01  2.68422138e+10 -7.11376147e+01 
 2.78952883e+10 -5.25062237e+01  2.78952883e+10 -7.59394391e+01 
 2.89896770e+10 -5.35774366e+01  2.89896770e+10 -8.07765005e+01 
 3.01270007e+10 -5.46292080e+01  3.01270007e+10 -8.56482677e+01 
 3.13089440e+10 -5.56608920e+01  3.13089440e+10 -9.05538218e+01 
 3.25372573e+10 -5.66718449e+01  3.25372573e+10 -9.54918445e+01 
 3.38137598e+10 -5.76614310e+01  3.38137598e+10 -1.00460611e+02 
 3.51403422e+10 -5.86290282e+01  3.51403422e+10 -1.05457985e+02 
 3.65189690e+10 -5.95740345e+01  3.65189690e+10 -1.10481422e+02 
 3.79516821e+10 -6.04958742e+01  3.79516821e+10 -1.15527974e+02 
 3.94406035e+10 -6.13940041e+01  3.94406035e+10 -1.20594298e+02 
 4.09879383e+10 -6.22679197e+01  4.09879383e+10 -1.25676677e+02 
 4.25959782e+10 -6.31171610e+01  4.25959782e+10 -1.30771035e+02 
 4.42671047e+10 -6.39413188e+01  4.42671047e+10 -1.35872965e+02 
 4.60037929e+10 -6.47400393e+01  4.60037929e+10 -1.40977761e+02 
 4.78086149e+10 -6.55130292e+01  4.78086149e+10 -1.46080453e+02 
 4.96842438e+10 -6.62600599e+01  4.96842438e+10 -1.51175844e+02 
 5.16334573e+10 -6.69809707e+01  5.16334573e+10 -1.56258554e+02 
 5.36591425e+10 -6.76756714e+01  5.36591425e+10 -1.61323065e+02 
 5.57642994e+10 -6.83441443e+01  5.57642994e+10 -1.66363771e+02 
 5.79520458e+10 -6.89864448e+01  5.79520458e+10 -1.71375019e+02 
 6.02256220e+10 -6.96027015e+01  6.02256220e+10 -1.76351167e+02 
 6.25883952e+10 -7.01931153e+01  6.25883952e+10  1.78713376e+02 
 6.50438647e+10 -7.07579574e+01  6.50438647e+10  1.73824098e+02 
 6.75956673e+10 -7.12975669e+01  6.75956673e+10  1.68986341e+02 
 7.02475823e+10 -7.18123473e+01  7.02475823e+10  1.64205262e+02 
 7.30035373e+10 -7.23027622e+01  7.30035373e+10  1.59485794e+02 
 7.58676140e+10 -7.27693310e+01  7.58676140e+10  1.54832610e+02 
 7.88440542e+10 -7.32126238e+01  7.88440542e+10  1.50250096e+02 
 8.19372662e+10 -7.36332556e+01  8.19372662e+10  1.45742330e+02 
 8.51518312e+10 -7.40318807e+01  8.51518312e+10  1.41313056e+02 
 8.84925101e+10 -7.44091872e+01  8.84925101e+10  1.36965673e+02 
 9.19642506e+10 -7.47658905e+01  9.19642506e+10  1.32703227e+02 
 9.55721945e+10 -7.51027282e+01  9.55721945e+10  1.28528404e+02 
 9.93216853e+10 -7.54204536e+01  9.93216853e+10  1.24443529e+02 
 1.03218276e+11 -7.57198313e+01  1.03218276e+11  1.20450571e+02 
 1.07267738e+11 -7.60016311e+01  1.07267738e+11  1.16551148e+02 
 1.11476069e+11 -7.62666238e+01  1.11476069e+11  1.12746542e+02 
 1.15849501e+11 -7.65155767e+01  1.15849501e+11  1.09037703e+02 
 1.20394512e+11 -7.67492494e+01  1.20394512e+11  1.05425273e+02 
 1.25117832e+11 -7.69683905e+01  1.25117832e+11  1.01909599e+02 
 1.30026459e+11 -7.71737343e+01  1.30026459e+11  9.84907496e+01 
 1.35127660e+11 -7.73659980e+01  1.35127660e+11  9.51685379e+01 
 1.40428992e+11 -7.75458798e+01  1.40428992e+11  9.19425387e+01 
 1.45938306e+11 -7.77140564e+01  1.45938306e+11  8.88121091e+01 
 1.51663761e+11 -7.78711820e+01  1.51663761e+11  8.57764092e+01 
 1.57613838e+11 -7.80178865e+01  1.57613838e+11  8.28344210e+01 
 1.63797348e+11 -7.81547754e+01  1.63797348e+11  7.99849679e+01 
 1.70223450e+11 -7.82824286e+01  1.70223450e+11  7.72267338e+01 
 1.76901661e+11 -7.84014001e+01  1.76901661e+11  7.45582800e+01 
 1.83841871e+11 -7.85122183e+01  1.83841871e+11  7.19780629e+01 
 1.91054360e+11 -7.86153856e+01  1.91054360e+11  6.94844494e+01 
 1.98549810e+11 -7.87113791e+01  1.98549810e+11  6.70757321e+01 
 2.06339322e+11 -7.88006506e+01  2.06339322e+11  6.47501430e+01 
 2.14434431e+11 -7.88836274e+01  2.14434431e+11  6.25058664e+01 
 2.22847128e+11 -7.89607131e+01  2.22847128e+11  6.03410506e+01 
 2.31589873e+11 -7.90322876e+01  2.31589873e+11  5.82538189e+01 
 2.40675613e+11 -7.90987087e+01  2.40675613e+11  5.62422789e+01 
 2.50117805e+11 -7.91603125e+01  2.50117805e+11  5.43045317e+01 
 2.59930433e+11 -7.92174142e+01  2.59930433e+11  5.24386799e+01 
 2.70128031e+11 -7.92703091e+01  2.70128031e+11  5.06428341e+01 
 2.80725701e+11 -7.93192733e+01  2.80725701e+11  4.89151199e+01 
 2.91739139e+11 -7.93645651e+01  2.91739139e+11  4.72536829e+01 
 3.03184656e+11 -7.94064249e+01  3.03184656e+11  4.56566938e+01 
 3.15079204e+11 -7.94450770e+01  3.15079204e+11  4.41223524e+01 
 3.27440400e+11 -7.94807300e+01  3.27440400e+11  4.26488913e+01 
 3.40286550e+11 -7.95135773e+01  3.40286550e+11  4.12345789e+01 
 3.53636681e+11 -7.95437985e+01  3.53636681e+11  3.98777224e+01 
 3.67510565e+11 -7.95715597e+01  3.67510565e+11  3.85766690e+01 
 3.81928749e+11 -7.95970143e+01  3.81928749e+11  3.73298084e+01 
 3.96912588e+11 -7.96203037e+01  3.96912588e+11  3.61355741e+01 
 4.12484273e+11 -7.96415579e+01  4.12484273e+11  3.49924438e+01 
 4.28666866e+11 -7.96608960e+01  4.28666866e+11  3.38989408e+01 
 4.45484336e+11 -7.96784272e+01  4.45484336e+11  3.28536338e+01 
 4.62961589e+11 -7.96942505e+01  4.62961589e+11  3.18551376e+01 
 4.81124511e+11 -7.97084561e+01  4.81124511e+11  3.09021128e+01 
 5.00000000e+11 -7.97211250e+01  5.00000000e+11  2.99932654e+01 
