 1.00000000e+06  6.61718078e+01  1.00000000e+06  1.79647795e+02 
 1.03923203e+06  6.61718013e+01  1.03923203e+06  1.79633977e+02 
 1.08000320e+06  6.61717942e+01  1.08000320e+06  1.79619618e+02 
 1.12237392e+06  6.61717867e+01  1.12237392e+06  1.79604695e+02 
 1.16640692e+06  6.61717784e+01  1.16640692e+06  1.79589186e+02 
 1.21216743e+06  6.61717696e+01  1.21216743e+06  1.79573069e+02 
 1.25972321e+06  6.61717600e+01  1.25972321e+06  1.79556320e+02 
 1.30914471e+06  6.61717497e+01  1.30914471e+06  1.79538914e+02 
 1.36050511e+06  6.61717385e+01  1.36050511e+06  1.79520825e+02 
 1.41388048e+06  6.61717265e+01  1.41388048e+06  1.79502026e+02 
 1.46934987e+06  6.61717134e+01  1.46934987e+06  1.79482490e+02 
 1.52699545e+06  6.61716994e+01  1.52699545e+06  1.79462187e+02 
 1.58690257e+06  6.61716842e+01  1.58690257e+06  1.79441088e+02 
 1.64915998e+06  6.61716678e+01  1.64915998e+06  1.79419161e+02 
 1.71385986e+06  6.61716501e+01  1.71385986e+06  1.79396374e+02 
 1.78109806e+06  6.61716309e+01  1.78109806e+06  1.79372693e+02 
 1.85097414e+06  6.61716103e+01  1.85097414e+06  1.79348083e+02 
 1.92359161e+06  6.61715880e+01  1.92359161e+06  1.79322508e+02 
 1.99905801e+06  6.61715639e+01  1.99905801e+06  1.79295929e+02 
 2.07748510e+06  6.61715378e+01  2.07748510e+06  1.79268308e+02 
 2.15898905e+06  6.61715097e+01  2.15898905e+06  1.79239603e+02 
 2.24369057e+06  6.61714794e+01  2.24369057e+06  1.79209773e+02 
 2.33171509e+06  6.61714466e+01  2.33171509e+06  1.79178772e+02 
 2.42319300e+06  6.61714112e+01  2.42319300e+06  1.79146555e+02 
 2.51825977e+06  6.61713729e+01  2.51825977e+06  1.79113074e+02 
 2.61705621e+06  6.61713316e+01  2.61705621e+06  1.79078280e+02 
 2.71972862e+06  6.61712870e+01  2.71972862e+06  1.79042121e+02 
 2.82642909e+06  6.61712388e+01  2.82642909e+06  1.79004543e+02 
 2.93731563e+06  6.61711868e+01  2.93731563e+06  1.78965492e+02 
 3.05255247e+06  6.61711306e+01  3.05255247e+06  1.78924909e+02 
 3.17231029e+06  6.61710699e+01  3.17231029e+06  1.78882734e+02 
 3.29676645e+06  6.61710044e+01  3.29676645e+06  1.78838905e+02 
 3.42610528e+06  6.61709336e+01  3.42610528e+06  1.78793356e+02 
 3.56051833e+06  6.61708571e+01  3.56051833e+06  1.78746022e+02 
 3.70020468e+06  6.61707746e+01  3.70020468e+06  1.78696831e+02 
 3.84537121e+06  6.61706854e+01  3.84537121e+06  1.78645710e+02 
 3.99623291e+06  6.61705891e+01  3.99623291e+06  1.78592585e+02 
 4.15301323e+06  6.61704851e+01  4.15301323e+06  1.78537376e+02 
 4.31594435e+06  6.61703728e+01  4.31594435e+06  1.78480002e+02 
 4.48526759e+06  6.61702515e+01  4.48526759e+06  1.78420378e+02 
 4.66123373e+06  6.61701205e+01  4.66123373e+06  1.78358416e+02 
 4.84410337e+06  6.61699790e+01  4.84410337e+06  1.78294025e+02 
 5.03414736e+06  6.61698262e+01  5.03414736e+06  1.78227108e+02 
 5.23164716e+06  6.61696612e+01  5.23164716e+06  1.78157568e+02 
 5.43689528e+06  6.61694830e+01  5.43689528e+06  1.78085302e+02 
 5.65019570e+06  6.61692905e+01  5.65019570e+06  1.78010202e+02 
 5.87186433e+06  6.61690827e+01  5.87186433e+06  1.77932157e+02 
 6.10222946e+06  6.61688582e+01  6.10222946e+06  1.77851054e+02 
 6.34163229e+06  6.61686158e+01  6.34163229e+06  1.77766771e+02 
 6.59042737e+06  6.61683540e+01  6.59042737e+06  1.77679185e+02 
 6.84898319e+06  6.61680713e+01  6.84898319e+06  1.77588166e+02 
 7.11768268e+06  6.61677659e+01  7.11768268e+06  1.77493580e+02 
 7.39692379e+06  6.61674362e+01  7.39692379e+06  1.77395287e+02 
 7.68712010e+06  6.61670801e+01  7.68712010e+06  1.77293143e+02 
 7.98870140e+06  6.61666955e+01  7.98870140e+06  1.77186997e+02 
 8.30211434e+06  6.61662802e+01  8.30211434e+06  1.77076693e+02 
 8.62782311e+06  6.61658317e+01  8.62782311e+06  1.76962069e+02 
 8.96631009e+06  6.61653474e+01  8.96631009e+06  1.76842954e+02 
 9.31807660e+06  6.61648243e+01  9.31807660e+06  1.76719176e+02 
 9.68364363e+06  6.61642595e+01  9.68364363e+06  1.76590551e+02 
 1.00635526e+07  6.61636495e+01  1.00635526e+07  1.76456890e+02 
 1.04583661e+07  6.61629908e+01  1.04583661e+07  1.76317998e+02 
 1.08686690e+07  6.61622796e+01  1.08686690e+07  1.76173670e+02 
 1.12950690e+07  6.61615115e+01  1.12950690e+07  1.76023696e+02 
 1.17381974e+07  6.61606820e+01  1.17381974e+07  1.75867854e+02 
 1.21987107e+07  6.61597864e+01  1.21987107e+07  1.75705918e+02 
 1.26772908e+07  6.61588192e+01  1.26772908e+07  1.75537650e+02 
 1.31746466e+07  6.61577749e+01  1.31746466e+07  1.75362805e+02 
 1.36915147e+07  6.61566472e+01  1.36915147e+07  1.75181128e+02 
 1.42286605e+07  6.61554295e+01  1.42286605e+07  1.74992353e+02 
 1.47868797e+07  6.61541148e+01  1.47868797e+07  1.74796207e+02 
 1.53669990e+07  6.61526951e+01  1.53669990e+07  1.74592403e+02 
 1.59698775e+07  6.61511623e+01  1.59698775e+07  1.74380647e+02 
 1.65964081e+07  6.61495074e+01  1.65964081e+07  1.74160631e+02 
 1.72475189e+07  6.61477206e+01  1.72475189e+07  1.73932038e+02 
 1.79241740e+07  6.61457914e+01  1.79241740e+07  1.73694537e+02 
 1.86273756e+07  6.61437087e+01  1.86273756e+07  1.73447787e+02 
 1.93581653e+07  6.61414602e+01  1.93581653e+07  1.73191432e+02 
 2.01176254e+07  6.61390328e+01  2.01176254e+07  1.72925105e+02 
 2.09068806e+07  6.61364123e+01  2.09068806e+07  1.72648425e+02 
 2.17270999e+07  6.61335836e+01  2.17270999e+07  1.72360998e+02 
 2.25794980e+07  6.61305301e+01  2.25794980e+07  1.72062416e+02 
 2.34653375e+07  6.61272342e+01  2.34653375e+07  1.71752254e+02 
 2.43859302e+07  6.61236768e+01  2.43859302e+07  1.71430075e+02 
 2.53426397e+07  6.61198372e+01  2.53426397e+07  1.71095427e+02 
 2.63368828e+07  6.61156934e+01  2.63368828e+07  1.70747839e+02 
 2.73701320e+07  6.61112214e+01  2.73701320e+07  1.70386828e+02 
 2.84439178e+07  6.61063956e+01  2.84439178e+07  1.70011893e+02 
 2.95598303e+07  6.61011883e+01  2.95598303e+07  1.69622515e+02 
 3.07195223e+07  6.60955698e+01  3.07195223e+07  1.69218161e+02 
 3.19247115e+07  6.60895079e+01  3.19247115e+07  1.68798279e+02 
 3.31771826e+07  6.60829683e+01  3.31771826e+07  1.68362300e+02 
 3.44787907e+07  6.60759140e+01  3.44787907e+07  1.67909637e+02 
 3.58314635e+07  6.60683050e+01  3.58314635e+07  1.67439686e+02 
 3.72372044e+07  6.60600987e+01  3.72372044e+07  1.66951825e+02 
 3.86980954e+07  6.60512491e+01  3.86980954e+07  1.66445413e+02 
 4.02163001e+07  6.60417069e+01  4.02163001e+07  1.65919794e+02 
 4.17940670e+07  6.60314191e+01  4.17940670e+07  1.65374291e+02 
 4.34337329e+07  6.60203290e+01  4.34337329e+07  1.64808211e+02 
 4.51377263e+07  6.60083758e+01  4.51377263e+07  1.64220845e+02 
 4.69085707e+07  6.59954943e+01  4.69085707e+07  1.63611464e+02 
 4.87488890e+07  6.59816147e+01  4.87488890e+07  1.62979326e+02 
 5.06614067e+07  6.59666624e+01  5.06614067e+07  1.62323672e+02 
 5.26489564e+07  6.59505575e+01  5.26489564e+07  1.61643729e+02 
 5.47144816e+07  6.59332148e+01  5.47144816e+07  1.60938708e+02 
 5.68610416e+07  6.59145433e+01  5.68610416e+07  1.60207810e+02 
 5.90918154e+07  6.58944460e+01  5.90918154e+07  1.59450223e+02 
 6.14101071e+07  6.58728195e+01  6.14101071e+07  1.58665128e+02 
 6.38193500e+07  6.58495537e+01  6.38193500e+07  1.57851694e+02 
 6.63231124e+07  6.58245317e+01  6.63231124e+07  1.57009088e+02 
 6.89251025e+07  6.57976292e+01  6.89251025e+07  1.56136472e+02 
 7.16291739e+07  6.57687146e+01  7.16291739e+07  1.55233005e+02 
 7.44393316e+07  6.57376484e+01  7.44393316e+07  1.54297852e+02 
 7.73597374e+07  6.57042831e+01  7.73597374e+07  1.53330180e+02 
 8.03947166e+07  6.56684628e+01  8.03947166e+07  1.52329164e+02 
 8.35487643e+07  6.56300236e+01  8.35487643e+07  1.51293993e+02 
 8.68265516e+07  6.55887926e+01  8.68265516e+07  1.50223871e+02 
 9.02329331e+07  6.55445884e+01  9.02329331e+07  1.49118023e+02 
 9.37729539e+07  6.54972209e+01  9.37729539e+07  1.47975696e+02 
 9.74518569e+07  6.54464913e+01  9.74518569e+07  1.46796171e+02 
 1.01275091e+08  6.53921920e+01  1.01275091e+08  1.45578758e+02 
 1.05248318e+08  6.53341070e+01  1.05248318e+08  1.44322812e+02 
 1.09377422e+08  6.52720120e+01  1.09377422e+08  1.43027729e+02 
 1.13668520e+08  6.52056747e+01  1.13668520e+08  1.41692955e+02 
 1.18127967e+08  6.51348552e+01  1.18127967e+08  1.40317994e+02 
 1.22762366e+08  6.50593067e+01  1.22762366e+08  1.38902408e+02 
 1.27578583e+08  6.49787757e+01  1.27578583e+08  1.37445825e+02 
 1.32583749e+08  6.48930028e+01  1.32583749e+08  1.35947944e+02 
 1.37785278e+08  6.48017239e+01  1.37785278e+08  1.34408538e+02 
 1.43190874e+08  6.47046706e+01  1.43190874e+08  1.32827458e+02 
 1.48808542e+08  6.46015713e+01  1.48808542e+08  1.31204639e+02 
 1.54646602e+08  6.44921521e+01  1.54646602e+08  1.29540099e+02 
 1.60713702e+08  6.43761385e+01  1.60713702e+08  1.27833943e+02 
 1.67018826e+08  6.42532556e+01  1.67018826e+08  1.26086365e+02 
 1.73571313e+08  6.41232302e+01  1.73571313e+08  1.24297645e+02 
 1.80380867e+08  6.39857912e+01  1.80380867e+08  1.22468152e+02 
 1.87457574e+08  6.38406716e+01  1.87457574e+08  1.20598343e+02 
 1.94811915e+08  6.36876089e+01  1.94811915e+08  1.18688754e+02 
 2.02454781e+08  6.35263466e+01  2.02454781e+08  1.16740004e+02 
 2.10397492e+08  6.33566351e+01  2.10397492e+08  1.14752786e+02 
 2.18651812e+08  6.31782326e+01  2.18651812e+08  1.12727865e+02 
 2.27229966e+08  6.29909059e+01  2.27229966e+08  1.10666068e+02 
 2.36144658e+08  6.27944311e+01  2.36144658e+08  1.08568282e+02 
 2.45409091e+08  6.25885940e+01  2.45409091e+08  1.06435445e+02 
 2.55036987e+08  6.23731904e+01  2.55036987e+08  1.04268539e+02 
 2.65042605e+08  6.21480266e+01  2.65042605e+08  1.02068583e+02 
 2.75440763e+08  6.19129188e+01  2.75440763e+08  9.98366269e+01 
 2.86246862e+08  6.16676935e+01  2.86246862e+08  9.75737450e+01 
 2.97476907e+08  6.14121873e+01  2.97476907e+08  9.52810296e+01 
 3.09147529e+08  6.11462458e+01  3.09147529e+08  9.29595861e+01 
 3.21276013e+08  6.08697239e+01  3.21276013e+08  9.06105284e+01 
 3.33880322e+08  6.05824850e+01  3.33880322e+08  8.82349753e+01 
 3.46979123e+08  6.02844002e+01  3.46979123e+08  8.58340479e+01 
 3.60591817e+08  5.99753480e+01  3.60591817e+08  8.34088677e+01 
 3.74738565e+08  5.96552134e+01  3.74738565e+08  8.09605560e+01 
 3.89440318e+08  5.93238877e+01  3.89440318e+08  7.84902338e+01 
 4.04718851e+08  5.89812679e+01  4.04718851e+08  7.59990223e+01 
 4.20596791e+08  5.86272562e+01  4.20596791e+08  7.34880445e+01 
 4.37097656e+08  5.82617598e+01  4.37097656e+08  7.09584270e+01 
 4.54245882e+08  5.78846907e+01  4.54245882e+08  6.84113017e+01 
 4.72066869e+08  5.74959656e+01  4.72066869e+08  6.58478085e+01 
 4.90587008e+08  5.70955059e+01  4.90587008e+08  6.32690974e+01 
 5.09833731e+08  5.66832380e+01  5.09833731e+08  6.06763304e+01 
 5.29835541e+08  5.62590934e+01  5.29835541e+08  5.80706834e+01 
 5.50622063e+08  5.58230088e+01  5.50622063e+08  5.54533472e+01 
 5.72224082e+08  5.53749268e+01  5.72224082e+08  5.28255291e+01 
 5.94673592e+08  5.49147962e+01  5.94673592e+08  5.01884525e+01 
 6.18003842e+08  5.44425720e+01  6.18003842e+08  4.75433569e+01 
 6.42249385e+08  5.39582166e+01  6.42249385e+08  4.48914973e+01 
 6.67446130e+08  5.34616992e+01  6.67446130e+08  4.22341428e+01 
 6.93631394e+08  5.29529971e+01  6.93631394e+08  3.95725752e+01 
 7.20843959e+08  5.24320951e+01  7.20843959e+08  3.69080868e+01 
 7.49124128e+08  5.18989867e+01  7.49124128e+08  3.42419781e+01 
 7.78513785e+08  5.13536733e+01  7.78513785e+08  3.15755562e+01 
 8.09056459e+08  5.07961651e+01  8.09056459e+08  2.89101315e+01 
 8.40797383e+08  5.02264810e+01  8.40797383e+08  2.62470163e+01 
 8.73783568e+08  4.96446484e+01  8.73783568e+08  2.35875222e+01 
 9.08063868e+08  4.90507036e+01  9.08063868e+08  2.09329585e+01 
 9.43689053e+08  4.84446917e+01  9.43689053e+08  1.82846303e+01 
 9.80711887e+08  4.78266667e+01  9.80711887e+08  1.56438369e+01 
 1.01918720e+09  4.71966912e+01  1.01918720e+09  1.30118706e+01 
 1.05917198e+09  4.65548374e+01  1.05917198e+09  1.03900154e+01 
 1.10072544e+09  4.59011862e+01  1.10072544e+09  7.77954564e+00 
 1.14390913e+09  4.52358280e+01  1.14390913e+09  5.18172475e+00 
 1.18878701e+09  4.45588629e+01  1.18878701e+09  2.59780354e+00 
 1.23542553e+09  4.38704008e+01  1.23542553e+09  2.90184075e-02 
 1.28389378e+09  4.31705619e+01  1.28389378e+09 -2.52341097e+00 
 1.33426353e+09  4.24594766e+01  1.33426353e+09 -5.05828446e+00 
 1.38660939e+09  4.17372866e+01  1.38660939e+09 -7.57442487e+00 
 1.44100889e+09  4.10041445e+01  1.44100889e+09 -1.00706819e+01 
 1.49754259e+09  4.02602145e+01  1.49754259e+09 -1.25459370e+01 
 1.55629422e+09  3.95056724e+01  1.55629422e+09 -1.49991082e+01 
 1.61735079e+09  3.87407059e+01  1.61735079e+09 -1.74291564e+01 
 1.68080274e+09  3.79655145e+01  1.68080274e+09 -1.98350914e+01 
 1.74674404e+09  3.71803097e+01  1.74674404e+09 -2.22159786e+01 
 1.81527234e+09  3.63853146e+01  1.81527234e+09 -2.45709459e+01 
 1.88648916e+09  3.55807635e+01  1.88648916e+09 -2.68991910e+01 
 1.96049995e+09  3.47669018e+01  1.96049995e+09 -2.91999877e+01 
 2.03741433e+09  3.39439848e+01  2.03741433e+09 -3.14726934e+01 
 2.11734623e+09  3.31122778e+01  2.11734623e+09 -3.37167547e+01 
 2.20041401e+09  3.22720544e+01  2.20041401e+09 -3.59317136e+01 
 2.28674071e+09  3.14235962e+01  2.28674071e+09 -3.81172125e+01 
 2.37645418e+09  3.05671914e+01  2.37645418e+09 -4.02729984e+01 
 2.46968729e+09  2.97031339e+01  2.46968729e+09 -4.23989269e+01 
 2.56657813e+09  2.88317220e+01  2.56657813e+09 -4.44949641e+01 
 2.66727019e+09  2.79532572e+01  2.66727019e+09 -4.65611890e+01 
 2.77191261e+09  2.70680434e+01  2.77191261e+09 -4.85977936e+01 
 2.88066035e+09  2.61763851e+01  2.88066035e+09 -5.06050832e+01 
 2.99367450e+09  2.52785872e+01  2.99367450e+09 -5.25834753e+01 
 3.11112241e+09  2.43749528e+01  3.11112241e+09 -5.45334974e+01 
 3.23317805e+09  2.34657835e+01  3.23317805e+09 -5.64557850e+01 
 3.36002217e+09  2.25513773e+01  3.36002217e+09 -5.83510781e+01 
 3.49184265e+09  2.16320289e+01  3.49184265e+09 -6.02202175e+01 
 3.62883471e+09  2.07080282e+01  3.62883471e+09 -6.20641407e+01 
 3.77120125e+09  1.97796601e+01  3.77120125e+09 -6.38838776e+01 
 3.91915312e+09  1.88472041e+01  3.91915312e+09 -6.56805451e+01 
 4.07290944e+09  1.79109335e+01  4.07290944e+09 -6.74553431e+01 
 4.23269793e+09  1.69711159e+01  4.23269793e+09 -6.92095487e+01 
 4.39875524e+09  1.60280124e+01  4.39875524e+09 -7.09445118e+01 
 4.57132732e+09  1.50818777e+01  4.57132732e+09 -7.26616498e+01 
 4.75066976e+09  1.41329605e+01  4.75066976e+09 -7.43624428e+01 
 4.93704816e+09  1.31815033e+01  4.93704816e+09 -7.60484293e+01 
 5.13073856e+09  1.22277426e+01  5.13073856e+09 -7.77212012e+01 
 5.33202783e+09  1.12719095e+01  5.33202783e+09 -7.93824000e+01 
 5.54121409e+09  1.03142299e+01  5.54121409e+09 -8.10337125e+01 
 5.75860714e+09  9.35492479e+00  5.75860714e+09 -8.26768671e+01 
 5.98452897e+09  8.39421113e+00  5.98452897e+09 -8.43136301e+01 
 6.21931417e+09  7.43230204e+00  6.21931417e+09 -8.59458027e+01 
 6.46331046e+09  6.46940757e+00  6.46331046e+09 -8.75752178e+01 
 6.71687923e+09  5.50573530e+00  6.71687923e+09 -8.92037367e+01 
 6.98039601e+09  4.54149101e+00  6.98039601e+09 -9.08332471e+01 
 7.25425109e+09  3.57687940e+00  7.25425109e+09 -9.24656598e+01 
 7.53885006e+09  2.61210486e+00  7.53885006e+09 -9.41029068e+01 
 7.83461442e+09  1.64737217e+00  7.83461442e+09 -9.57469388e+01 
 8.14198222e+09  6.82887360e-01  8.14198222e+09 -9.73997227e+01 
 8.46140868e+09 -2.81141517e-01  8.46140868e+09 -9.90632394e+01 
 8.79336689e+09 -1.24450352e+00  8.79336689e+09 -1.00739482e+02 
 9.13834849e+09 -2.20698399e+00  9.13834849e+09 -1.02430452e+02 
 9.49686441e+09 -3.16836367e+00  9.49686441e+09 -1.04138159e+02 
 9.86944565e+09 -4.12841780e+00  9.86944565e+09 -1.05864616e+02 
 1.02566440e+10 -5.08691527e+00  1.02566440e+10 -1.07611838e+02 
 1.06590329e+10 -6.04361768e+00  1.06590329e+10 -1.09381838e+02 
 1.10772084e+10 -6.99827847e+00  1.10772084e+10 -1.11176622e+02 
 1.15117897e+10 -7.95064197e+00  1.15117897e+10 -1.12998191e+02 
 1.19634205e+10 -8.90044253e+00  1.19634205e+10 -1.14848529e+02 
 1.24327698e+10 -9.84740361e+00  1.24327698e+10 -1.16729603e+02 
 1.29205325e+10 -1.07912369e+01  1.29205325e+10 -1.18643360e+02 
 1.34274312e+10 -1.17316416e+01  1.34274312e+10 -1.20591714e+02 
 1.39542165e+10 -1.26683032e+01  1.39542165e+10 -1.22576547e+02 
 1.45016687e+10 -1.36008932e+01  1.45016687e+10 -1.24599697e+02 
 1.50705986e+10 -1.45290682e+01  1.50705986e+10 -1.26662953e+02 
 1.56618487e+10 -1.54524689e+01  1.56618487e+10 -1.28768047e+02 
 1.62762947e+10 -1.63707200e+01  1.62762947e+10 -1.30916643e+02 
 1.69148468e+10 -1.72834296e+01  1.69148468e+10 -1.33110327e+02 
 1.75784505e+10 -1.81901883e+01  1.75784505e+10 -1.35350597e+02 
 1.82680887e+10 -1.90905699e+01  1.82680887e+10 -1.37638853e+02 
 1.89847828e+10 -1.99841303e+01  1.89847828e+10 -1.39976382e+02 
 1.97295943e+10 -2.08704083e+01  1.97295943e+10 -1.42364349e+02 
 2.05036263e+10 -2.17489254e+01  2.05036263e+10 -1.44803777e+02 
 2.13080251e+10 -2.26191866e+01  2.13080251e+10 -1.47295540e+02 
 2.21439821e+10 -2.34806808e+01  2.21439821e+10 -1.49840345e+02 
 2.30127354e+10 -2.43328820e+01  2.30127354e+10 -1.52438714e+02 
 2.39155716e+10 -2.51752503e+01  2.39155716e+10 -1.55090978e+02 
 2.48538280e+10 -2.60072338e+01  2.48538280e+10 -1.57797251e+02 
 2.58288940e+10 -2.68282700e+01  2.58288940e+10 -1.60557425e+02 
 2.68422138e+10 -2.76377884e+01  2.68422138e+10 -1.63371149e+02 
 2.78952883e+10 -2.84352124e+01  2.78952883e+10 -1.66237819e+02 
 2.89896770e+10 -2.92199629e+01  2.89896770e+10 -1.69156567e+02 
 3.01270007e+10 -2.99914608e+01  3.01270007e+10 -1.72126248e+02 
 3.13089440e+10 -3.07491307e+01  3.13089440e+10 -1.75145431e+02 
 3.25372573e+10 -3.14924046e+01  3.25372573e+10 -1.78212396e+02 
 3.38137598e+10 -3.22207258e+01  3.38137598e+10  1.78674875e+02 
 3.51403422e+10 -3.29335531e+01  3.51403422e+10  1.75518695e+02 
 3.65189690e+10 -3.36303654e+01  3.65189690e+10  1.72321673e+02 
 3.79516821e+10 -3.43106655e+01  3.79516821e+10  1.69086707e+02 
 3.94406035e+10 -3.49739853e+01  3.94406035e+10  1.65816975e+02 
 4.09879383e+10 -3.56198896e+01  4.09879383e+10  1.62515925e+02 
 4.25959782e+10 -3.62479806e+01  4.25959782e+10  1.59187255e+02 
 4.42671047e+10 -3.68579020e+01  4.42671047e+10  1.55834898e+02 
 4.60037929e+10 -3.74493426e+01  4.60037929e+10  1.52462993e+02 
 4.78086149e+10 -3.80220396e+01  4.78086149e+10  1.49075865e+02 
 4.96842438e+10 -3.85757818e+01  4.96842438e+10  1.45677988e+02 
 5.16334573e+10 -3.91104116e+01  5.16334573e+10  1.42273961e+02 
 5.36591425e+10 -3.96258270e+01  5.36591425e+10  1.38868467e+02 
 5.57642994e+10 -4.01219826e+01  5.57642994e+10  1.35466243e+02 
 5.79520458e+10 -4.05988904e+01  5.79520458e+10  1.32072040e+02 
 6.02256220e+10 -4.10566191e+01  6.02256220e+10  1.28690589e+02 
 6.25883952e+10 -4.14952937e+01  6.25883952e+10  1.25326564e+02 
 6.50438647e+10 -4.19150939e+01  6.50438647e+10  1.21984549e+02 
 6.75956673e+10 -4.23162517e+01  6.75956673e+10  1.18669003e+02 
 7.02475823e+10 -4.26990493e+01  7.02475823e+10  1.15384229e+02 
 7.30035373e+10 -4.30638154e+01  7.30035373e+10  1.12134350e+02 
 7.58676140e+10 -4.34109219e+01  7.58676140e+10  1.08923278e+02 
 7.88440542e+10 -4.37407798e+01  7.88440542e+10  1.05754699e+02 
 8.19372662e+10 -4.40538352e+01  8.19372662e+10  1.02632050e+02 
 8.51518312e+10 -4.43505648e+01  8.51518312e+10  9.95585062e+01 
 8.84925101e+10 -4.46314716e+01  8.84925101e+10  9.65369732e+01 
 9.19642506e+10 -4.48970800e+01  9.19642506e+10  9.35700767e+01 
 9.55721945e+10 -4.51479319e+01  9.55721945e+10  9.06601611e+01 
 9.93216853e+10 -4.53845821e+01  9.93216853e+10  8.78092886e+01 
 1.03218276e+11 -4.56075942e+01  1.03218276e+11  8.50192426e+01 
 1.07267738e+11 -4.58175367e+01  1.07267738e+11  8.22915331e+01 
 1.11476069e+11 -4.60149795e+01  1.11476069e+11  7.96274044e+01 
 1.15849501e+11 -4.62004903e+01  1.15849501e+11  7.70278456e+01 
 1.20394512e+11 -4.63746318e+01  1.20394512e+11  7.44936018e+01 
 1.25117832e+11 -4.65379589e+01  1.25117832e+11  7.20251874e+01 
 1.30026459e+11 -4.66910162e+01  1.30026459e+11  6.96228997e+01 
 1.35127660e+11 -4.68343362e+01  1.35127660e+11  6.72868342e+01 
 1.40428992e+11 -4.69684372e+01  1.40428992e+11  6.50168990e+01 
 1.45938306e+11 -4.70938220e+01  1.45938306e+11  6.28128308e+01 
 1.51663761e+11 -4.72109768e+01  1.51663761e+11  6.06742097e+01 
 1.57613838e+11 -4.73203701e+01  1.57613838e+11  5.86004746e+01 
 1.63797348e+11 -4.74224522e+01  1.63797348e+11  5.65909378e+01 
 1.70223450e+11 -4.75176544e+01  1.70223450e+11  5.46447990e+01 
 1.76901661e+11 -4.76063893e+01  1.76901661e+11  5.27611595e+01 
 1.83841871e+11 -4.76890501e+01  1.83841871e+11  5.09390341e+01 
 1.91054360e+11 -4.77660111e+01  1.91054360e+11  4.91773645e+01 
 1.98549810e+11 -4.78376274e+01  1.98549810e+11  4.74750297e+01 
 2.06339322e+11 -4.79042359e+01  2.06339322e+11  4.58308571e+01 
 2.14434431e+11 -4.79661549e+01  2.14434431e+11  4.42436323e+01 
 2.22847128e+11 -4.80236852e+01  2.22847128e+11  4.27121082e+01 
 2.31589873e+11 -4.80771101e+01  2.31589873e+11  4.12350128e+01 
 2.40675613e+11 -4.81266965e+01  2.40675613e+11  3.98110575e+01 
 2.50117805e+11 -4.81726950e+01  2.50117805e+11  3.84389431e+01 
 2.59930433e+11 -4.82153408e+01  2.59930433e+11  3.71173666e+01 
 2.70128031e+11 -4.82548543e+01  2.70128031e+11  3.58450261e+01 
 2.80725701e+11 -4.82914418e+01  2.80725701e+11  3.46206262e+01 
 2.91739139e+11 -4.83252960e+01  2.91739139e+11  3.34428817e+01 
 3.03184656e+11 -4.83565966e+01  3.03184656e+11  3.23105221e+01 
 3.15079204e+11 -4.83855113e+01  3.15079204e+11  3.12222943e+01 
 3.27440400e+11 -4.84121960e+01  3.27440400e+11  3.01769657e+01 
 3.40286550e+11 -4.84367955e+01  3.40286550e+11  2.91733266e+01 
 3.53636681e+11 -4.84594442e+01  3.53636681e+11  2.82101924e+01 
 3.67510565e+11 -4.84802667e+01  3.67510565e+11  2.72864051e+01 
 3.81928749e+11 -4.84993778e+01  3.81928749e+11  2.64008346e+01 
 3.96912588e+11 -4.85168839e+01  3.96912588e+11  2.55523804e+01 
 4.12484273e+11 -4.85328826e+01  4.12484273e+11  2.47399719e+01 
 4.28666866e+11 -4.85474635e+01  4.28666866e+11  2.39625691e+01 
 4.45484336e+11 -4.85607089e+01  4.45484336e+11  2.32191634e+01 
 4.62961589e+11 -4.85726938e+01  4.62961589e+11  2.25087775e+01 
 4.81124511e+11 -4.85834861e+01  4.81124511e+11  2.18304657e+01 
 5.00000000e+11 -4.85931477e+01  5.00000000e+11  2.11833135e+01 
