 1.00000000e+06  8.82290620e+01  1.00000000e+06 -4.95767031e-01 
 1.03923203e+06  8.82290521e+01  1.03923203e+06 -5.15216816e-01 
 1.08000320e+06  8.82290414e+01  1.08000320e+06 -5.35429633e-01 
 1.12237392e+06  8.82290299e+01  1.12237392e+06 -5.56435414e-01 
 1.16640692e+06  8.82290175e+01  1.16640692e+06 -5.78265266e-01 
 1.21216743e+06  8.82290040e+01  1.21216743e+06 -6.00951514e-01 
 1.25972321e+06  8.82289895e+01  1.25972321e+06 -6.24527755e-01 
 1.30914471e+06  8.82289738e+01  1.30914471e+06 -6.49028898e-01 
 1.36050511e+06  8.82289568e+01  1.36050511e+06 -6.74491226e-01 
 1.41388048e+06  8.82289385e+01  1.41388048e+06 -7.00952443e-01 
 1.46934987e+06  8.82289188e+01  1.46934987e+06 -7.28451730e-01 
 1.52699545e+06  8.82288974e+01  1.52699545e+06 -7.57029807e-01 
 1.58690257e+06  8.82288744e+01  1.58690257e+06 -7.86728988e-01 
 1.64915998e+06  8.82288495e+01  1.64915998e+06 -8.17593249e-01 
 1.71385986e+06  8.82288226e+01  1.71385986e+06 -8.49668288e-01 
 1.78109806e+06  8.82287935e+01  1.78109806e+06 -8.83001596e-01 
 1.85097414e+06  8.82287621e+01  1.85097414e+06 -9.17642525e-01 
 1.92359161e+06  8.82287283e+01  1.92359161e+06 -9.53642361e-01 
 1.99905801e+06  8.82286917e+01  1.99905801e+06 -9.91054403e-01 
 2.07748510e+06  8.82286522e+01  2.07748510e+06 -1.02993404e+00 
 2.15898905e+06  8.82286095e+01  2.15898905e+06 -1.07033882e+00 
 2.24369057e+06  8.82285634e+01  2.24369057e+06 -1.11232857e+00 
 2.33171509e+06  8.82285136e+01  2.33171509e+06 -1.15596543e+00 
 2.42319300e+06  8.82284599e+01  2.42319300e+06 -1.20131400e+00 
 2.51825977e+06  8.82284018e+01  2.51825977e+06 -1.24844141e+00 
 2.61705621e+06  8.82283391e+01  2.61705621e+06 -1.29741741e+00 
 2.71972862e+06  8.82282714e+01  2.71972862e+06 -1.34831448e+00 
 2.82642909e+06  8.82281982e+01  2.82642909e+06 -1.40120795e+00 
 2.93731563e+06  8.82281193e+01  2.93731563e+06 -1.45617609e+00 
 3.05255247e+06  8.82280340e+01  3.05255247e+06 -1.51330024e+00 
 3.17231029e+06  8.82279418e+01  3.17231029e+06 -1.57266492e+00 
 3.29676645e+06  8.82278423e+01  3.29676645e+06 -1.63435797e+00 
 3.42610528e+06  8.82277349e+01  3.42610528e+06 -1.69847065e+00 
 3.56051833e+06  8.82276188e+01  3.56051833e+06 -1.76509781e+00 
 3.70020468e+06  8.82274935e+01  3.70020468e+06 -1.83433799e+00 
 3.84537121e+06  8.82273581e+01  3.84537121e+06 -1.90629360e+00 
 3.99623291e+06  8.82272119e+01  3.99623291e+06 -1.98107105e+00 
 4.15301323e+06  8.82270541e+01  4.15301323e+06 -2.05878092e+00 
 4.31594435e+06  8.82268836e+01  4.31594435e+06 -2.13953808e+00 
 4.48526759e+06  8.82266994e+01  4.48526759e+06 -2.22346192e+00 
 4.66123373e+06  8.82265005e+01  4.66123373e+06 -2.31067647e+00 
 4.84410337e+06  8.82262858e+01  4.84410337e+06 -2.40131063e+00 
 5.03414736e+06  8.82260538e+01  5.03414736e+06 -2.49549831e+00 
 5.23164716e+06  8.82258033e+01  5.23164716e+06 -2.59337863e+00 
 5.43689528e+06  8.82255328e+01  5.43689528e+06 -2.69509617e+00 
 5.65019570e+06  8.82252407e+01  5.65019570e+06 -2.80080112e+00 
 5.87186433e+06  8.82249251e+01  5.87186433e+06 -2.91064952e+00 
 6.10222946e+06  8.82245844e+01  6.10222946e+06 -3.02480350e+00 
 6.34163229e+06  8.82242164e+01  6.34163229e+06 -3.14343149e+00 
 6.59042737e+06  8.82238190e+01  6.59042737e+06 -3.26670845e+00 
 6.84898319e+06  8.82233899e+01  6.84898319e+06 -3.39481616e+00 
 7.11768268e+06  8.82229264e+01  7.11768268e+06 -3.52794345e+00 
 7.39692379e+06  8.82224259e+01  7.39692379e+06 -3.66628648e+00 
 7.68712010e+06  8.82218853e+01  7.68712010e+06 -3.81004900e+00 
 7.98870140e+06  8.82213016e+01  7.98870140e+06 -3.95944264e+00 
 8.30211434e+06  8.82206712e+01  8.30211434e+06 -4.11468724e+00 
 8.62782311e+06  8.82199905e+01  8.62782311e+06 -4.27601111e+00 
 8.96631009e+06  8.82192554e+01  8.96631009e+06 -4.44365137e+00 
 9.31807660e+06  8.82184615e+01  9.31807660e+06 -4.61785429e+00 
 9.68364363e+06  8.82176043e+01  9.68364363e+06 -4.79887558e+00 
 1.00635526e+07  8.82166785e+01  1.00635526e+07 -4.98698081e+00 
 1.04583661e+07  8.82156789e+01  1.04583661e+07 -5.18244571e+00 
 1.08686690e+07  8.82145994e+01  1.08686690e+07 -5.38555656e+00 
 1.12950690e+07  8.82134337e+01  1.12950690e+07 -5.59661057e+00 
 1.17381974e+07  8.82121751e+01  1.17381974e+07 -5.81591630e+00 
 1.21987107e+07  8.82108159e+01  1.21987107e+07 -6.04379401e+00 
 1.26772908e+07  8.82093483e+01  1.26772908e+07 -6.28057612e+00 
 1.31746466e+07  8.82077637e+01  1.31746466e+07 -6.52660761e+00 
 1.36915147e+07  8.82060526e+01  1.36915147e+07 -6.78224649e+00 
 1.42286605e+07  8.82042052e+01  1.42286605e+07 -7.04786419e+00 
 1.47868797e+07  8.82022104e+01  1.47868797e+07 -7.32384607e+00 
 1.53669990e+07  8.82000567e+01  1.53669990e+07 -7.61059187e+00 
 1.59698775e+07  8.81977315e+01  1.59698775e+07 -7.90851614e+00 
 1.65964081e+07  8.81952210e+01  1.65964081e+07 -8.21804881e+00 
 1.72475189e+07  8.81925108e+01  1.72475189e+07 -8.53963560e+00 
 1.79241740e+07  8.81895848e+01  1.79241740e+07 -8.87373856e+00 
 1.86273756e+07  8.81864261e+01  1.86273756e+07 -9.22083655e+00 
 1.93581653e+07  8.81830163e+01  1.93581653e+07 -9.58142574e+00 
 2.01176254e+07  8.81793355e+01  2.01176254e+07 -9.95602013e+00 
 2.09068806e+07  8.81753624e+01  2.09068806e+07 -1.03451521e+01 
 2.17270999e+07  8.81710739e+01  2.17270999e+07 -1.07493727e+01 
 2.25794980e+07  8.81664452e+01  2.25794980e+07 -1.11692525e+01 
 2.34653375e+07  8.81614496e+01  2.34653375e+07 -1.16053817e+01 
 2.43859302e+07  8.81560582e+01  2.43859302e+07 -1.20583709e+01 
 2.53426397e+07  8.81502401e+01  2.53426397e+07 -1.25288515e+01 
 2.63368828e+07  8.81439618e+01  2.63368828e+07 -1.30174759e+01 
 2.73701320e+07  8.81371875e+01  2.73701320e+07 -1.35249181e+01 
 2.84439178e+07  8.81298783e+01  2.84439178e+07 -1.40518743e+01 
 2.95598303e+07  8.81219929e+01  2.95598303e+07 -1.45990628e+01 
 3.07195223e+07  8.81134863e+01  3.07195223e+07 -1.51672245e+01 
 3.19247115e+07  8.81043106e+01  3.19247115e+07 -1.57571233e+01 
 3.31771826e+07  8.80944140e+01  3.31771826e+07 -1.63695461e+01 
 3.44787907e+07  8.80837409e+01  3.44787907e+07 -1.70053030e+01 
 3.58314635e+07  8.80722319e+01  3.58314635e+07 -1.76652272e+01 
 3.72372044e+07  8.80598228e+01  3.72372044e+07 -1.83501752e+01 
 3.86980954e+07  8.80464450e+01  3.86980954e+07 -1.90610264e+01 
 4.02163001e+07  8.80320250e+01  4.02163001e+07 -1.97986832e+01 
 4.17940670e+07  8.80164838e+01  4.17940670e+07 -2.05640700e+01 
 4.34337329e+07  8.79997370e+01  4.34337329e+07 -2.13581333e+01 
 4.51377263e+07  8.79816941e+01  4.51377263e+07 -2.21818407e+01 
 4.69085707e+07  8.79622584e+01  4.69085707e+07 -2.30361800e+01 
 4.87488890e+07  8.79413266e+01  4.87488890e+07 -2.39221584e+01 
 5.06614067e+07  8.79187882e+01  5.06614067e+07 -2.48408007e+01 
 5.26489564e+07  8.78945255e+01  5.26489564e+07 -2.57931486e+01 
 5.47144816e+07  8.78684129e+01  5.47144816e+07 -2.67802582e+01 
 5.68610416e+07  8.78403168e+01  5.68610416e+07 -2.78031985e+01 
 5.90918154e+07  8.78100948e+01  5.90918154e+07 -2.88630490e+01 
 6.14101071e+07  8.77775957e+01  6.14101071e+07 -2.99608968e+01 
 6.38193500e+07  8.77426592e+01  6.38193500e+07 -3.10978343e+01 
 6.63231124e+07  8.77051150e+01  6.63231124e+07 -3.22749555e+01 
 6.89251025e+07  8.76647833e+01  6.89251025e+07 -3.34933527e+01 
 7.16291739e+07  8.76214735e+01  7.16291739e+07 -3.47541123e+01 
 7.44393316e+07  8.75749848e+01  7.44393316e+07 -3.60583110e+01 
 7.73597374e+07  8.75251056e+01  7.73597374e+07 -3.74070108e+01 
 8.03947166e+07  8.74716132e+01  8.03947166e+07 -3.88012543e+01 
 8.35487643e+07  8.74142737e+01  8.35487643e+07 -4.02420593e+01 
 8.68265516e+07  8.73528423e+01  8.68265516e+07 -4.17304133e+01 
 9.02329331e+07  8.72870628e+01  9.02329331e+07 -4.32672673e+01 
 9.37729539e+07  8.72166680e+01  9.37729539e+07 -4.48535305e+01 
 9.74518569e+07  8.71413796e+01  9.74518569e+07 -4.64900630e+01 
 1.01275091e+08  8.70609088e+01  1.01275091e+08 -4.81776702e+01 
 1.05248318e+08  8.69749563e+01  1.05248318e+08 -4.99170958e+01 
 1.09377422e+08  8.68832131e+01  1.09377422e+08 -5.17090154e+01 
 1.13668520e+08  8.67853608e+01  1.13668520e+08 -5.35540304e+01 
 1.18127967e+08  8.66810723e+01  1.18127967e+08 -5.54526611e+01 
 1.22762366e+08  8.65700130e+01  1.22762366e+08 -5.74053417e+01 
 1.27578583e+08  8.64518410e+01  1.27578583e+08 -5.94124138e+01 
 1.32583749e+08  8.63262088e+01  1.32583749e+08 -6.14741220e+01 
 1.37785278e+08  8.61927641e+01  1.37785278e+08 -6.35906092e+01 
 1.43190874e+08  8.60511508e+01  1.43190874e+08 -6.57619128e+01 
 1.48808542e+08  8.59010106e+01  1.48808542e+08 -6.79879619e+01 
 1.54646602e+08  8.57419844e+01  1.54646602e+08 -7.02685748e+01 
 1.60713702e+08  8.55737132e+01  1.60713702e+08 -7.26034583e+01 
 1.67018826e+08  8.53958399e+01  1.67018826e+08 -7.49922068e+01 
 1.73571313e+08  8.52080106e+01  1.73571313e+08 -7.74343038e+01 
 1.80380867e+08  8.50098759e+01  1.80380867e+08 -7.99291231e+01 
 1.87457574e+08  8.48010923e+01  1.87457574e+08 -8.24759317e+01 
 1.94811915e+08  8.45813237e+01  1.94811915e+08 -8.50738932e+01 
 2.02454781e+08  8.43502420e+01  2.02454781e+08 -8.77220728e+01 
 2.10397492e+08  8.41075289e+01  2.10397492e+08 -9.04194417e+01 
 2.18651812e+08  8.38528765e+01  2.18651812e+08 -9.31648839e+01 
 2.27229966e+08  8.35859883e+01  2.27229966e+08 -9.59572020e+01 
 2.36144658e+08  8.33065799e+01  2.36144658e+08 -9.87951244e+01 
 2.45409091e+08  8.30143798e+01  2.45409091e+08 -1.01677312e+02 
 2.55036987e+08  8.27091296e+01  2.55036987e+08 -1.04602367e+02 
 2.65042605e+08  8.23905848e+01  2.65042605e+08 -1.07568838e+02 
 2.75440763e+08  8.20585144e+01  2.75440763e+08 -1.10575231e+02 
 2.86246862e+08  8.17127020e+01  2.86246862e+08 -1.13620011e+02 
 2.97476907e+08  8.13529446e+01  2.97476907e+08 -1.16701616e+02 
 3.09147529e+08  8.09790538e+01  3.09147529e+08 -1.19818459e+02 
 3.21276013e+08  8.05908544e+01  3.21276013e+08 -1.22968937e+02 
 3.33880322e+08  8.01881850e+01  3.33880322e+08 -1.26151436e+02 
 3.46979123e+08  7.97708973e+01  3.46979123e+08 -1.29364336e+02 
 3.60591817e+08  7.93388556e+01  3.60591817e+08 -1.32606019e+02 
 3.74738565e+08  7.88919364e+01  3.74738565e+08 -1.35874874e+02 
 3.89440318e+08  7.84300279e+01  3.89440318e+08 -1.39169295e+02 
 4.04718851e+08  7.79530292e+01  4.04718851e+08 -1.42487694e+02 
 4.20596791e+08  7.74608498e+01  4.20596791e+08 -1.45828498e+02 
 4.37097656e+08  7.69534088e+01  4.37097656e+08 -1.49190153e+02 
 4.54245882e+08  7.64306341e+01  4.54245882e+08 -1.52571127e+02 
 4.72066869e+08  7.58924618e+01  4.72066869e+08 -1.55969908e+02 
 4.90587008e+08  7.53388355e+01  4.90587008e+08 -1.59385008e+02 
 5.09833731e+08  7.47697052e+01  5.09833731e+08 -1.62814960e+02 
 5.29835541e+08  7.41850273e+01  5.29835541e+08 -1.66258319e+02 
 5.50622063e+08  7.35847631e+01  5.50622063e+08 -1.69713656e+02 
 5.72224082e+08  7.29688791e+01  5.72224082e+08 -1.73179561e+02 
 5.94673592e+08  7.23373460e+01  5.94673592e+08 -1.76654633e+02 
 6.18003842e+08  7.16901385e+01  6.18003842e+08  1.79862519e+02 
 6.42249385e+08  7.10272351e+01  6.42249385e+08  1.76373280e+02 
 6.67446130e+08  7.03486181e+01  6.67446130e+08  1.72879040e+02 
 6.93631394e+08  6.96542736e+01  6.93631394e+08  1.69381190e+02 
 7.20843959e+08  6.89441915e+01  7.20843959e+08  1.65881131e+02 
 7.49124128e+08  6.82183665e+01  7.49124128e+08  1.62380281e+02 
 7.78513785e+08  6.74767979e+01  7.78513785e+08  1.58880074e+02 
 8.09056459e+08  6.67194906e+01  8.09056459e+08  1.55381966e+02 
 8.40797383e+08  6.59464558e+01  8.40797383e+08  1.51887437e+02 
 8.73783568e+08  6.51577120e+01  8.73783568e+08  1.48397995e+02 
 9.08063868e+08  6.43532858e+01  9.08063868e+08  1.44915174e+02 
 9.43689053e+08  6.35332128e+01  9.43689053e+08  1.41440537e+02 
 9.80711887e+08  6.26975390e+01  9.80711887e+08  1.37975673e+02 
 1.01918720e+09  6.18463214e+01  1.01918720e+09  1.34522195e+02 
 1.05917198e+09  6.09796295e+01  1.05917198e+09  1.31081738e+02 
 1.10072544e+09  6.00975460e+01  1.10072544e+09  1.27655956e+02 
 1.14390913e+09  5.92001678e+01  1.14390913e+09  1.24246512e+02 
 1.18878701e+09  5.82876071e+01  1.18878701e+09  1.20855079e+02 
 1.23542553e+09  5.73599917e+01  1.23542553e+09  1.17483328e+02 
 1.28389378e+09  5.64174663e+01  1.28389378e+09  1.14132919e+02 
 1.33426353e+09  5.54601926e+01  1.33426353e+09  1.10805500e+02 
 1.38660939e+09  5.44883499e+01  1.38660939e+09  1.07502690e+02 
 1.44100889e+09  5.35021354e+01  1.44100889e+09  1.04226073e+02 
 1.49754259e+09  5.25017642e+01  1.49754259e+09  1.00977190e+02 
 1.55629422e+09  5.14874694e+01  1.55629422e+09  9.77575257e+01 
 1.61735079e+09  5.04595019e+01  1.61735079e+09  9.45685000e+01 
 1.68080274e+09  4.94181301e+01  1.68080274e+09  9.14114575e+01 
 1.74674404e+09  4.83636390e+01  1.74674404e+09  8.82876580e+01 
 1.81527234e+09  4.72963302e+01  1.81527234e+09  8.51982663e+01 
 1.88648916e+09  4.62165204e+01  1.88648916e+09  8.21443432e+01 
 1.96049995e+09  4.51245409e+01  1.96049995e+09  7.91268369e+01 
 2.03741433e+09  4.40207363e+01  2.03741433e+09  7.61465749e+01 
 2.11734623e+09  4.29054631e+01  2.11734623e+09  7.32042567e+01 
 2.20041401e+09  4.17790888e+01  2.20041401e+09  7.03004479e+01 
 2.28674071e+09  4.06419901e+01  2.28674071e+09  6.74355746e+01 
 2.37645418e+09  3.94945515e+01  2.37645418e+09  6.46099191e+01 
 2.46968729e+09  3.83371640e+01  2.46968729e+09  6.18236170e+01 
 2.56657813e+09  3.71702233e+01  2.56657813e+09  5.90766549e+01 
 2.66727019e+09  3.59941284e+01  2.66727019e+09  5.63688699e+01 
 2.77191261e+09  3.48092802e+01  2.77191261e+09  5.36999493e+01 
 2.88066035e+09  3.36160798e+01  2.88066035e+09  5.10694318e+01 
 2.99367450e+09  3.24149274e+01  2.99367450e+09  4.84767103e+01 
 3.11112241e+09  3.12062209e+01  3.11112241e+09  4.59210343e+01 
 3.23317805e+09  2.99903546e+01  3.23317805e+09  4.34015141e+01 
 3.36002217e+09  2.87677185e+01  3.36002217e+09  4.09171251e+01 
 3.49184265e+09  2.75386971e+01  3.49184265e+09  3.84667133e+01 
 3.62883471e+09  2.63036683e+01  3.62883471e+09  3.60490006e+01 
 3.77120125e+09  2.50630035e+01  3.77120125e+09  3.36625909e+01 
 3.91915312e+09  2.38170665e+01  3.91915312e+09  3.13059763e+01 
 4.07290944e+09  2.25662131e+01  4.07290944e+09  2.89775433e+01 
 4.23269793e+09  2.13107913e+01  4.23269793e+09  2.66755795e+01 
 4.39875524e+09  2.00511405e+01  4.39875524e+09  2.43982798e+01 
 4.57132732e+09  1.87875923e+01  4.57132732e+09  2.21437524e+01 
 4.75066976e+09  1.75204698e+01  4.75066976e+09  1.99100255e+01 
 4.93704816e+09  1.62500885e+01  4.93704816e+09  1.76950528e+01 
 5.13073856e+09  1.49767563e+01  5.13073856e+09  1.54967191e+01 
 5.33202783e+09  1.37007739e+01  5.33202783e+09  1.33128459e+01 
 5.54121409e+09  1.24224353e+01  5.54121409e+09  1.11411966e+01 
 5.75860714e+09  1.11420288e+01  5.75860714e+09  8.97948052e+00 
 5.98452897e+09  9.85983720e+00  5.98452897e+09  6.82535836e+00 
 6.21931417e+09  8.57613856e+00  6.21931417e+09  4.67644568e+00 
 6.46331046e+09  7.29120728e+00  6.46331046e+09  2.53031709e+00 
 6.71687923e+09  6.00531474e+00  6.71687923e+09  3.84509834e-01 
 6.98039601e+09  4.71873023e+00  6.98039601e+09 -1.76347275e+00 
 7.25425109e+09  3.43172191e+00  7.25425109e+09 -3.91615802e+00 
 7.53885006e+09  2.14455778e+00  7.53885006e+09 -6.07610086e+00 
 7.83461442e+09  8.57506678e-01  7.83461442e+09 -8.24588075e+00 
 8.14198222e+09 -4.29160666e-01  8.14198222e+09 -1.04280988e+01 
 8.46140868e+09 -1.71517054e+00  8.46140868e+09 -1.26253747e+01 
 8.79336689e+09 -3.00024517e+00  8.79336689e+09 -1.48403440e+01 
 9.13834849e+09 -4.28410157e+00  9.13834849e+09 -1.70756547e+01 
 9.49686441e+09 -5.56645042e+00  9.49686441e+09 -1.93339642e+01 
 9.86944565e+09 -6.84699489e+00  9.86944565e+09 -2.16179357e+01 
 1.02566440e+10 -8.12542945e+00  1.02566440e+10 -2.39302345e+01 
 1.06590329e+10 -9.40143869e+00  1.06590329e+10 -2.62735240e+01 
 1.10772084e+10 -1.06746961e+01  1.10772084e+10 -2.86504609e+01 
 1.15117897e+10 -1.19448630e+01  1.15117897e+10 -3.10636903e+01 
 1.19634205e+10 -1.32115872e+01  1.19634205e+10 -3.35158402e+01 
 1.24327698e+10 -1.44745016e+01  1.24327698e+10 -3.60095153e+01 
 1.29205325e+10 -1.57332238e+01  1.29205325e+10 -3.85472901e+01 
 1.34274312e+10 -1.69873540e+01  1.34274312e+10 -4.11317012e+01 
 1.39542165e+10 -1.82364747e+01  1.39542165e+10 -4.37652390e+01 
 1.45016687e+10 -1.94801491e+01  1.45016687e+10 -4.64503382e+01 
 1.50705986e+10 -2.07179204e+01  1.50705986e+10 -4.91893678e+01 
 1.56618487e+10 -2.19493110e+01  1.56618487e+10 -5.19846198e+01 
 1.62762947e+10 -2.31738215e+01  1.62762947e+10 -5.48382969e+01 
 1.69148468e+10 -2.43909303e+01  1.69148468e+10 -5.77524994e+01 
 1.75784505e+10 -2.56000927e+01  1.75784505e+10 -6.07292107e+01 
 1.82680887e+10 -2.68007411e+01  1.82680887e+10 -6.37702825e+01 
 1.89847828e+10 -2.79922844e+01  1.89847828e+10 -6.68774177e+01 
 1.97295943e+10 -2.91741081e+01  1.97295943e+10 -7.00521541e+01 
 2.05036263e+10 -3.03455753e+01  2.05036263e+10 -7.32958455e+01 
 2.13080251e+10 -3.15060263e+01  2.13080251e+10 -7.66096433e+01 
 2.21439821e+10 -3.26547804e+01  2.21439821e+10 -7.99944770e+01 
 2.30127354e+10 -3.37911367e+01  2.30127354e+10 -8.34510344e+01 
 2.39155716e+10 -3.49143761e+01  2.39155716e+10 -8.69797414e+01 
 2.48538280e+10 -3.60237629e+01  2.48538280e+10 -9.05807424e+01 
 2.58288940e+10 -3.71185479e+01  2.58288940e+10 -9.42538804e+01 
 2.68422138e+10 -3.81979704e+01  2.68422138e+10 -9.79986786e+01 
 2.78952883e+10 -3.92612624e+01  2.78952883e+10 -1.01814322e+02 
 2.89896770e+10 -4.03076520e+01  2.89896770e+10 -1.05699644e+02 
 3.01270007e+10 -4.13363672e+01  3.01270007e+10 -1.09653107e+02 
 3.13089440e+10 -4.23466413e+01  3.13089440e+10 -1.13672796e+02 
 3.25372573e+10 -4.33377171e+01  3.25372573e+10 -1.17756408e+02 
 3.38137598e+10 -4.43088527e+01  3.38137598e+10 -1.21901244e+02 
 3.51403422e+10 -4.52593269e+01  3.51403422e+10 -1.26104213e+02 
 3.65189690e+10 -4.61884447e+01  3.65189690e+10 -1.30361828e+02 
 3.79516821e+10 -4.70955439e+01  3.79516821e+10 -1.34670218e+02 
 3.94406035e+10 -4.79800001e+01  3.94406035e+10 -1.39025139e+02 
 4.09879383e+10 -4.88412334e+01  4.09879383e+10 -1.43421986e+02 
 4.25959782e+10 -4.96787136e+01  4.25959782e+10 -1.47855820e+02 
 4.42671047e+10 -5.04919657e+01  4.42671047e+10 -1.52321394e+02 
 4.60037929e+10 -5.12805748e+01  4.60037929e+10 -1.56813180e+02 
 4.78086149e+10 -5.20441909e+01  4.78086149e+10 -1.61325409e+02 
 4.96842438e+10 -5.27825324e+01  4.96842438e+10 -1.65852106e+02 
 5.16334573e+10 -5.34953892e+01  5.16334573e+10 -1.70387135e+02 
 5.36591425e+10 -5.41826255e+01  5.36591425e+10 -1.74924247e+02 
 5.57642994e+10 -5.48441809e+01  5.57642994e+10 -1.79457121e+02 
 5.79520458e+10 -5.54800712e+01  5.79520458e+10  1.76020583e+02 
 6.02256220e+10 -5.60903885e+01  6.02256220e+10  1.71515179e+02 
 6.25883952e+10 -5.66752992e+01  6.25883952e+10  1.67032903e+02 
 6.50438647e+10 -5.72350431e+01  6.50438647e+10  1.62579871e+02 
 6.75956673e+10 -5.77699297e+01  6.75956673e+10  1.58162032e+02 
 7.02475823e+10 -5.82803352e+01  7.02475823e+10  1.53785131e+02 
 7.30035373e+10 -5.87666978e+01  7.30035373e+10  1.49454666e+02 
 7.58676140e+10 -5.92295136e+01  7.58676140e+10  1.45175858e+02 
 7.88440542e+10 -5.96693306e+01  7.88440542e+10  1.40953626e+02 
 8.19372662e+10 -6.00867436e+01  8.19372662e+10  1.36792556e+02 
 8.51518312e+10 -6.04823883e+01  8.51518312e+10  1.32696885e+02 
 8.84925101e+10 -6.08569353e+01  8.84925101e+10  1.28670492e+02 
 9.19642506e+10 -6.12110839e+01  9.19642506e+10  1.24716879e+02 
 9.55721945e+10 -6.15455566e+01  9.55721945e+10  1.20839178e+02 
 9.93216853e+10 -6.18610933e+01  9.93216853e+10  1.17040139e+02 
 1.03218276e+11 -6.21584452e+01  1.03218276e+11  1.13322145e+02 
 1.07267738e+11 -6.24383707e+01  1.07267738e+11  1.09687212e+02 
 1.11476069e+11 -6.27016293e+01  1.11476069e+11  1.06137002e+02 
 1.15849501e+11 -6.29489782e+01  1.15849501e+11  1.02672836e+02 
 1.20394512e+11 -6.31811675e+01  1.20394512e+11  9.92957107e+01 
 1.25117832e+11 -6.33989373e+01  1.25117832e+11  9.60063150e+01 
 1.30026459e+11 -6.36030136e+01  1.30026459e+11  9.28050479e+01 
 1.35127660e+11 -6.37941063e+01  1.35127660e+11  8.96920391e+01 
 1.40428992e+11 -6.39729066e+01  1.40428992e+11  8.66671689e+01 
 1.45938306e+11 -6.41400848e+01  1.45938306e+11  8.37300886e+01 
 1.51663761e+11 -6.42962892e+01  1.51663761e+11  8.08802409e+01 
 1.57613838e+11 -6.44421445e+01  1.57613838e+11  7.81168801e+01 
 1.63797348e+11 -6.45782510e+01  1.63797348e+11  7.54390915e+01 
 1.70223450e+11 -6.47051839e+01  1.70223450e+11  7.28458107e+01 
 1.76901661e+11 -6.48234931e+01  1.76901661e+11  7.03358412e+01 
 1.83841871e+11 -6.49337031e+01  1.83841871e+11  6.79078722e+01 
 1.91054360e+11 -6.50363126e+01  1.91054360e+11  6.55604946e+01 
 1.98549810e+11 -6.51317954e+01  1.98549810e+11  6.32922160e+01 
 2.06339322e+11 -6.52206004e+01  2.06339322e+11  6.11014752e+01 
 2.14434431e+11 -6.53031521e+01  2.14434431e+11  5.89866551e+01 
 2.22847128e+11 -6.53798514e+01  2.22847128e+11  5.69460950e+01 
 2.31589873e+11 -6.54510762e+01  2.31589873e+11  5.49781012e+01 
 2.40675613e+11 -6.55171821e+01  2.40675613e+11  5.30809576e+01 
 2.50117805e+11 -6.55785033e+01  2.50117805e+11  5.12529340e+01 
 2.59930433e+11 -6.56353533e+01  2.59930433e+11  4.94922952e+01 
 2.70128031e+11 -6.56880260e+01  2.70128031e+11  4.77973075e+01 
 2.80725701e+11 -6.57367962e+01  2.80725701e+11  4.61662456e+01 
 2.91739139e+11 -6.57819209e+01  2.91739139e+11  4.45973983e+01 
 3.03184656e+11 -6.58236397e+01  3.03184656e+11  4.30890735e+01 
 3.15079204e+11 -6.58621759e+01  3.15079204e+11  4.16396025e+01 
 3.27440400e+11 -6.58977373e+01  3.27440400e+11  4.02473440e+01 
 3.40286550e+11 -6.59305170e+01  3.40286550e+11  3.89106873e+01 
 3.53636681e+11 -6.59606941e+01  3.53636681e+11  3.76280547e+01 
 3.67510565e+11 -6.59884343e+01  3.67510565e+11  3.63979045e+01 
 3.81928749e+11 -6.60138910e+01  3.81928749e+11  3.52187322e+01 
 3.96912588e+11 -6.60372056e+01  3.96912588e+11  3.40890723e+01 
 4.12484273e+11 -6.60585081e+01  4.12484273e+11  3.30074996e+01 
 4.28666866e+11 -6.60779179e+01  4.28666866e+11  3.19726298e+01 
 4.45484336e+11 -6.60955446e+01  4.45484336e+11  3.09831201e+01 
 4.62961589e+11 -6.61114877e+01  4.62961589e+11  3.00376697e+01 
 4.81124511e+11 -6.61258380e+01  4.81124511e+11  2.91350197e+01 
 5.00000000e+11 -6.61386774e+01  5.00000000e+11  2.82739532e+01 
