 1.00000000e+06  3.73800003e+01  1.00000000e+06 -1.97318375e-01 
 1.02920053e+06  3.73799986e+01  1.02920053e+06 -2.03080166e-01 
 1.05925373e+06  3.73799968e+01  1.05925373e+06 -2.09010202e-01 
 1.09018449e+06  3.73799949e+01  1.09018449e+06 -2.15113397e-01 
 1.12201845e+06  3.73799929e+01  1.12201845e+06 -2.21394806e-01 
 1.15478198e+06  3.73799908e+01  1.15478198e+06 -2.27859634e-01 
 1.18850223e+06  3.73799885e+01  1.18850223e+06 -2.34513235e-01 
 1.22320712e+06  3.73799861e+01  1.22320712e+06 -2.41361122e-01 
 1.25892541e+06  3.73799836e+01  1.25892541e+06 -2.48408969e-01 
 1.29568670e+06  3.73799809e+01  1.29568670e+06 -2.55662613e-01 
 1.33352143e+06  3.73799781e+01  1.33352143e+06 -2.63128064e-01 
 1.37246096e+06  3.73799751e+01  1.37246096e+06 -2.70811507e-01 
 1.41253754e+06  3.73799719e+01  1.41253754e+06 -2.78719306e-01 
 1.45378439e+06  3.73799685e+01  1.45378439e+06 -2.86858013e-01 
 1.49623566e+06  3.73799649e+01  1.49623566e+06 -2.95234370e-01 
 1.53992653e+06  3.73799611e+01  1.53992653e+06 -3.03855316e-01 
 1.58489319e+06  3.73799571e+01  1.58489319e+06 -3.12727993e-01 
 1.63117291e+06  3.73799529e+01  1.63117291e+06 -3.21859750e-01 
 1.67880402e+06  3.73799484e+01  1.67880402e+06 -3.31258153e-01 
 1.72782598e+06  3.73799436e+01  1.72782598e+06 -3.40930988e-01 
 1.77827941e+06  3.73799385e+01  1.77827941e+06 -3.50886267e-01 
 1.83020611e+06  3.73799332e+01  1.83020611e+06 -3.61132237e-01 
 1.88364909e+06  3.73799275e+01  1.88364909e+06 -3.71677386e-01 
 1.93865264e+06  3.73799215e+01  1.93865264e+06 -3.82530448e-01 
 1.99526231e+06  3.73799152e+01  1.99526231e+06 -3.93700416e-01 
 2.05352503e+06  3.73799084e+01  2.05352503e+06 -4.05196540e-01 
 2.11348904e+06  3.73799013e+01  2.11348904e+06 -4.17028345e-01 
 2.17520403e+06  3.73798937e+01  2.17520403e+06 -4.29205631e-01 
 2.23872114e+06  3.73798857e+01  2.23872114e+06 -4.41738485e-01 
 2.30409298e+06  3.73798772e+01  2.30409298e+06 -4.54637289e-01 
 2.37137371e+06  3.73798682e+01  2.37137371e+06 -4.67912727e-01 
 2.44061907e+06  3.73798587e+01  2.44061907e+06 -4.81575795e-01 
 2.51188643e+06  3.73798486e+01  2.51188643e+06 -4.95637811e-01 
 2.58523484e+06  3.73798380e+01  2.58523484e+06 -5.10110422e-01 
 2.66072506e+06  3.73798267e+01  2.66072506e+06 -5.25005615e-01 
 2.73841963e+06  3.73798147e+01  2.73841963e+06 -5.40335729e-01 
 2.81838293e+06  3.73798020e+01  2.81838293e+06 -5.56113461e-01 
 2.90068120e+06  3.73797885e+01  2.90068120e+06 -5.72351878e-01 
 2.98538262e+06  3.73797743e+01  2.98538262e+06 -5.89064430e-01 
 3.07255737e+06  3.73797592e+01  3.07255737e+06 -6.06264958e-01 
 3.16227766e+06  3.73797432e+01  3.16227766e+06 -6.23967709e-01 
 3.25461783e+06  3.73797263e+01  3.25461783e+06 -6.42187344e-01 
 3.34965439e+06  3.73797084e+01  3.34965439e+06 -6.60938952e-01 
 3.44746607e+06  3.73796894e+01  3.44746607e+06 -6.80238062e-01 
 3.54813389e+06  3.73796693e+01  3.54813389e+06 -7.00100657e-01 
 3.65174127e+06  3.73796480e+01  3.65174127e+06 -7.20543185e-01 
 3.75837404e+06  3.73796254e+01  3.75837404e+06 -7.41582575e-01 
 3.86812055e+06  3.73796015e+01  3.86812055e+06 -7.63236250e-01 
 3.98107171e+06  3.73795762e+01  3.98107171e+06 -7.85522139e-01 
 4.09732110e+06  3.73795493e+01  4.09732110e+06 -8.08458697e-01 
 4.21696503e+06  3.73795209e+01  4.21696503e+06 -8.32064915e-01 
 4.34010264e+06  3.73794908e+01  4.34010264e+06 -8.56360338e-01 
 4.46683592e+06  3.73794590e+01  4.46683592e+06 -8.81365081e-01 
 4.59726989e+06  3.73794252e+01  4.59726989e+06 -9.07099847e-01 
 4.73151259e+06  3.73793894e+01  4.73151259e+06 -9.33585941e-01 
 4.86967525e+06  3.73793515e+01  4.86967525e+06 -9.60845290e-01 
 5.01187234e+06  3.73793114e+01  5.01187234e+06 -9.88900459e-01 
 5.15822165e+06  3.73792689e+01  5.15822165e+06 -1.01777467e+00 
 5.30884444e+06  3.73792239e+01  5.30884444e+06 -1.04749183e+00 
 5.46386550e+06  3.73791762e+01  5.46386550e+06 -1.07807652e+00 
 5.62341325e+06  3.73791257e+01  5.62341325e+06 -1.10955407e+00 
 5.78761988e+06  3.73790721e+01  5.78761988e+06 -1.14195052e+00 
 5.95662144e+06  3.73790155e+01  5.95662144e+06 -1.17529268e+00 
 6.13055792e+06  3.73789554e+01  6.13055792e+06 -1.20960815e+00 
 6.30957344e+06  3.73788918e+01  6.30957344e+06 -1.24492531e+00 
 6.49381632e+06  3.73788244e+01  6.49381632e+06 -1.28127339e+00 
 6.68343918e+06  3.73787531e+01  6.68343918e+06 -1.31868246e+00 
 6.87859912e+06  3.73786775e+01  6.87859912e+06 -1.35718346e+00 
 7.07945784e+06  3.73785974e+01  7.07945784e+06 -1.39680823e+00 
 7.28618175e+06  3.73785126e+01  7.28618175e+06 -1.43758956e+00 
 7.49894209e+06  3.73784228e+01  7.49894209e+06 -1.47956116e+00 
 7.71791516e+06  3.73783277e+01  7.71791516e+06 -1.52275775e+00 
 7.94328235e+06  3.73782269e+01  7.94328235e+06 -1.56721503e+00 
 8.17523038e+06  3.73781201e+01  8.17523038e+06 -1.61296976e+00 
 8.41395142e+06  3.73780070e+01  8.41395142e+06 -1.66005976e+00 
 8.65964323e+06  3.73778873e+01  8.65964323e+06 -1.70852396e+00 
 8.91250938e+06  3.73777604e+01  8.91250938e+06 -1.75840239e+00 
 9.17275935e+06  3.73776260e+01  9.17275935e+06 -1.80973628e+00 
 9.44060876e+06  3.73774837e+01  9.44060876e+06 -1.86256803e+00 
 9.71627952e+06  3.73773329e+01  9.71627952e+06 -1.91694127e+00 
 1.00000000e+07  3.73771732e+01  1.00000000e+07 -1.97290091e+00 
 1.02920053e+07  3.73770040e+01  1.02920053e+07 -2.03049316e+00 
 1.05925373e+07  3.73768248e+01  1.05925373e+07 -2.08976555e+00 
 1.09018449e+07  3.73766351e+01  1.09018449e+07 -2.15076701e+00 
 1.12201845e+07  3.73764340e+01  1.12201845e+07 -2.21354787e+00 
 1.15478198e+07  3.73762211e+01  1.15478198e+07 -2.27815992e+00 
 1.18850223e+07  3.73759956e+01  1.18850223e+07 -2.34465645e+00 
 1.22320712e+07  3.73757567e+01  1.22320712e+07 -2.41309228e+00 
 1.25892541e+07  3.73755036e+01  1.25892541e+07 -2.48352383e+00 
 1.29568670e+07  3.73752356e+01  1.29568670e+07 -2.55600913e+00 
 1.33352143e+07  3.73749517e+01  1.33352143e+07 -2.63060789e+00 
 1.37246096e+07  3.73746511e+01  1.37246096e+07 -2.70738155e+00 
 1.41253754e+07  3.73743326e+01  1.41253754e+07 -2.78639331e+00 
 1.45378439e+07  3.73739952e+01  1.45378439e+07 -2.86770817e+00 
 1.49623566e+07  3.73736379e+01  1.49623566e+07 -2.95139304e+00 
 1.53992653e+07  3.73732595e+01  1.53992653e+07 -3.03751670e+00 
 1.58489319e+07  3.73728587e+01  1.58489319e+07 -3.12614994e+00 
 1.63117291e+07  3.73724341e+01  1.63117291e+07 -3.21736557e+00 
 1.67880402e+07  3.73719844e+01  1.67880402e+07 -3.31123848e+00 
 1.72782598e+07  3.73715082e+01  1.72782598e+07 -3.40784569e+00 
 1.77827941e+07  3.73710037e+01  1.77827941e+07 -3.50726643e+00 
 1.83020611e+07  3.73704694e+01  1.83020611e+07 -3.60958220e+00 
 1.88364909e+07  3.73699035e+01  1.88364909e+07 -3.71487679e+00 
 1.93865264e+07  3.73693042e+01  1.93865264e+07 -3.82323640e+00 
 1.99526231e+07  3.73686694e+01  1.99526231e+07 -3.93474965e+00 
 2.05352503e+07  3.73679971e+01  2.05352503e+07 -4.04950770e+00 
 2.11348904e+07  3.73672850e+01  2.11348904e+07 -4.16760426e+00 
 2.17520403e+07  3.73665309e+01  2.17520403e+07 -4.28913568e+00 
 2.23872114e+07  3.73657321e+01  2.23872114e+07 -4.41420107e+00 
 2.30409298e+07  3.73648862e+01  2.30409298e+07 -4.54290226e+00 
 2.37137371e+07  3.73639903e+01  2.37137371e+07 -4.67534399e+00 
 2.44061907e+07  3.73630415e+01  2.44061907e+07 -4.81163388e+00 
 2.51188643e+07  3.73620367e+01  2.51188643e+07 -4.95188260e+00 
 2.58523484e+07  3.73609725e+01  2.58523484e+07 -5.09620386e+00 
 2.66072506e+07  3.73598455e+01  2.66072506e+07 -5.24471453e+00 
 2.73841963e+07  3.73586520e+01  2.73841963e+07 -5.39753472e+00 
 2.81838293e+07  3.73573881e+01  2.81838293e+07 -5.55478785e+00 
 2.90068120e+07  3.73560496e+01  2.90068120e+07 -5.71660072e+00 
 2.98538262e+07  3.73546321e+01  2.98538262e+07 -5.88310358e+00 
 3.07255737e+07  3.73531311e+01  3.07255737e+07 -6.05443026e+00 
 3.16227766e+07  3.73515417e+01  3.16227766e+07 -6.23071821e+00 
 3.25461783e+07  3.73498585e+01  3.25461783e+07 -6.41210856e+00 
 3.34965439e+07  3.73480762e+01  3.34965439e+07 -6.59874626e+00 
 3.44746607e+07  3.73461890e+01  3.44746607e+07 -6.79078013e+00 
 3.54813389e+07  3.73441907e+01  3.54813389e+07 -6.98836293e+00 
 3.65174127e+07  3.73420748e+01  3.65174127e+07 -7.19165147e+00 
 3.75837404e+07  3.73398344e+01  3.75837404e+07 -7.40080666e+00 
 3.86812055e+07  3.73374624e+01  3.86812055e+07 -7.61599361e+00 
 3.98107171e+07  3.73349509e+01  3.98107171e+07 -7.83738172e+00 
 4.09732110e+07  3.73322920e+01  4.09732110e+07 -8.06514471e+00 
 4.21696503e+07  3.73294770e+01  4.21696503e+07 -8.29946074e+00 
 4.34010264e+07  3.73264968e+01  4.34010264e+07 -8.54051247e+00 
 4.46683592e+07  3.73233418e+01  4.46683592e+07 -8.78848712e+00 
 4.59726989e+07  3.73200020e+01  4.59726989e+07 -9.04357656e+00 
 4.73151259e+07  3.73164666e+01  4.73151259e+07 -9.30597734e+00 
 4.86967525e+07  3.73127243e+01  4.86967525e+07 -9.57589078e+00 
 5.01187234e+07  3.73087632e+01  5.01187234e+07 -9.85352301e+00 
 5.15822165e+07  3.73045706e+01  5.15822165e+07 -1.01390850e+01 
 5.30884444e+07  3.73001332e+01  5.30884444e+07 -1.04327927e+01 
 5.46386550e+07  3.72954369e+01  5.46386550e+07 -1.07348669e+01 
 5.62341325e+07  3.72904669e+01  5.62341325e+07 -1.10455334e+01 
 5.78761988e+07  3.72852076e+01  5.78761988e+07 -1.13650230e+01 
 5.95662144e+07  3.72796423e+01  5.95662144e+07 -1.16935716e+01 
 6.13055792e+07  3.72737537e+01  6.13055792e+07 -1.20314199e+01 
 6.30957344e+07  3.72675233e+01  6.30957344e+07 -1.23788137e+01 
 6.49381632e+07  3.72609318e+01  6.49381632e+07 -1.27360037e+01 
 6.68343918e+07  3.72539587e+01  6.68343918e+07 -1.31032458e+01 
 6.87859912e+07  3.72465824e+01  6.87859912e+07 -1.34808004e+01 
 7.07945784e+07  3.72387803e+01  7.07945784e+07 -1.38689329e+01 
 7.28618175e+07  3.72305284e+01  7.28618175e+07 -1.42679134e+01 
 7.49894209e+07  3.72218017e+01  7.49894209e+07 -1.46780167e+01 
 7.71791516e+07  3.72125736e+01  7.71791516e+07 -1.50995219e+01 
 7.94328235e+07  3.72028162e+01  7.94328235e+07 -1.55327127e+01 
 8.17523038e+07  3.71925003e+01  8.17523038e+07 -1.59778767e+01 
 8.41395142e+07  3.71815950e+01  8.41395142e+07 -1.64353056e+01 
 8.65964323e+07  3.71700681e+01  8.65964323e+07 -1.69052948e+01 
 8.91250938e+07  3.71578855e+01  8.91250938e+07 -1.73881433e+01 
 9.17275935e+07  3.71450116e+01  9.17275935e+07 -1.78841532e+01 
 9.44060876e+07  3.71314089e+01  9.44060876e+07 -1.83936294e+01 
 9.71627952e+07  3.71170382e+01  9.71627952e+07 -1.89168794e+01 
 1.00000000e+08  3.71018584e+01  1.00000000e+08 -1.94542129e+01 
 1.02920053e+08  3.70858265e+01  1.02920053e+08 -2.00059411e+01 
 1.05925373e+08  3.70688973e+01  1.05925373e+08 -2.05723765e+01 
 1.09018449e+08  3.70510237e+01  1.09018449e+08 -2.11538324e+01 
 1.12201845e+08  3.70321565e+01  1.12201845e+08 -2.17506221e+01 
 1.15478198e+08  3.70122441e+01  1.15478198e+08 -2.23630583e+01 
 1.18850223e+08  3.69912330e+01  1.18850223e+08 -2.29914529e+01 
 1.22320712e+08  3.69690670e+01  1.22320712e+08 -2.36361156e+01 
 1.25892541e+08  3.69456879e+01  1.25892541e+08 -2.42973539e+01 
 1.29568670e+08  3.69210349e+01  1.29568670e+08 -2.49754715e+01 
 1.33352143e+08  3.68950449e+01  1.33352143e+08 -2.56707681e+01 
 1.37246096e+08  3.68676524e+01  1.37246096e+08 -2.63835382e+01 
 1.41253754e+08  3.68387892e+01  1.41253754e+08 -2.71140703e+01 
 1.45378439e+08  3.68083848e+01  1.45378439e+08 -2.78626457e+01 
 1.49623566e+08  3.67763663e+01  1.49623566e+08 -2.86295376e+01 
 1.53992653e+08  3.67426581e+01  1.53992653e+08 -2.94150100e+01 
 1.58489319e+08  3.67071822e+01  1.58489319e+08 -3.02193167e+01 
 1.63117291e+08  3.66698583e+01  1.63117291e+08 -3.10427000e+01 
 1.67880402e+08  3.66306036e+01  1.67880402e+08 -3.18853894e+01 
 1.72782598e+08  3.65893329e+01  1.72782598e+08 -3.27476008e+01 
 1.77827941e+08  3.65459589e+01  1.77827941e+08 -3.36295350e+01 
 1.83020611e+08  3.65003920e+01  1.83020611e+08 -3.45313763e+01 
 1.88364909e+08  3.64525405e+01  1.88364909e+08 -3.54532920e+01 
 1.93865264e+08  3.64023109e+01  1.93865264e+08 -3.63954303e+01 
 1.99526231e+08  3.63496078e+01  1.99526231e+08 -3.73579197e+01 
 2.05352503e+08  3.62943341e+01  2.05352503e+08 -3.83408678e+01 
 2.11348904e+08  3.62363912e+01  2.11348904e+08 -3.93443600e+01 
 2.17520403e+08  3.61756795e+01  2.17520403e+08 -4.03684585e+01 
 2.23872114e+08  3.61120978e+01  2.23872114e+08 -4.14132016e+01 
 2.30409298e+08  3.60455445e+01  2.30409298e+08 -4.24786025e+01 
 2.37137371e+08  3.59759172e+01  2.37137371e+08 -4.35646488e+01 
 2.44061907e+08  3.59031130e+01  2.44061907e+08 -4.46713014e+01 
 2.51188643e+08  3.58270291e+01  2.51188643e+08 -4.57984946e+01 
 2.58523484e+08  3.57475629e+01  2.58523484e+08 -4.69461352e+01 
 2.66072506e+08  3.56646122e+01  2.66072506e+08 -4.81141024e+01 
 2.73841963e+08  3.55780754e+01  2.73841963e+08 -4.93022479e+01 
 2.81838293e+08  3.54878524e+01  2.81838293e+08 -5.05103956e+01 
 2.90068120e+08  3.53938440e+01  2.90068120e+08 -5.17383422e+01 
 2.98538262e+08  3.52959531e+01  2.98538262e+08 -5.29858576e+01 
 3.07255737e+08  3.51940842e+01  3.07255737e+08 -5.42526852e+01 
 3.16227766e+08  3.50881444e+01  3.16227766e+08 -5.55385430e+01 
 3.25461783e+08  3.49780432e+01  3.25461783e+08 -5.68431246e+01 
 3.34965439e+08  3.48636928e+01  3.34965439e+08 -5.81660999e+01 
 3.44746607e+08  3.47450088e+01  3.44746607e+08 -5.95071169e+01 
 3.54813389e+08  3.46219098e+01  3.54813389e+08 -6.08658029e+01 
 3.65174127e+08  3.44943181e+01  3.65174127e+08 -6.22417659e+01 
 3.75837404e+08  3.43621596e+01  3.75837404e+08 -6.36345966e+01 
 3.86812055e+08  3.42253640e+01  3.86812055e+08 -6.50438697e+01 
 3.98107171e+08  3.40838653e+01  3.98107171e+08 -6.64691461e+01 
 4.09732110e+08  3.39376012e+01  4.09732110e+08 -6.79099746e+01 
 4.21696503e+08  3.37865137e+01  4.21696503e+08 -6.93658937e+01 
 4.34010264e+08  3.36305493e+01  4.34010264e+08 -7.08364337e+01 
 4.46683592e+08  3.34696583e+01  4.46683592e+08 -7.23211179e+01 
 4.59726989e+08  3.33037955e+01  4.59726989e+08 -7.38194652e+01 
 4.73151259e+08  3.31329198e+01  4.73151259e+08 -7.53309909e+01 
 4.86967525e+08  3.29569943e+01  4.86967525e+08 -7.68552091e+01 
 5.01187234e+08  3.27759859e+01  5.01187234e+08 -7.83916333e+01 
 5.15822165e+08  3.25898658e+01  5.15822165e+08 -7.99397783e+01 
 5.30884444e+08  3.23986088e+01  5.30884444e+08 -8.14991609e+01 
 5.46386550e+08  3.22021935e+01  5.46386550e+08 -8.30693012e+01 
 5.62341325e+08  3.20006023e+01  5.62341325e+08 -8.46497230e+01 
 5.78761988e+08  3.17938207e+01  5.78761988e+08 -8.62399548e+01 
 5.95662144e+08  3.15818378e+01  5.95662144e+08 -8.78395299e+01 
 6.13055792e+08  3.13646459e+01  6.13055792e+08 -8.94479867e+01 
 6.30957344e+08  3.11422406e+01  6.30957344e+08 -9.10648691e+01 
 6.49381632e+08  3.09146202e+01  6.49381632e+08 -9.26897262e+01 
 6.68343918e+08  3.06817862e+01  6.68343918e+08 -9.43221119e+01 
 6.87859912e+08  3.04437432e+01  6.87859912e+08 -9.59615851e+01 
 7.07945784e+08  3.02004983e+01  7.07945784e+08 -9.76077091e+01 
 7.28618175e+08  2.99520618e+01  7.28618175e+08 -9.92600513e+01 
 7.49894209e+08  2.96984467e+01  7.49894209e+08 -1.00918182e+02 
 7.71791516e+08  2.94396691e+01  7.71791516e+08 -1.02581676e+02 
 7.94328235e+08  2.91757482e+01  7.94328235e+08 -1.04250110e+02 
 8.17523038e+08  2.89067060e+01  8.17523038e+08 -1.05923061e+02 
 8.41395142e+08  2.86325679e+01  8.41395142e+08 -1.07600112e+02 
 8.65964323e+08  2.83533628e+01  8.65964323e+08 -1.09280843e+02 
 8.91250938e+08  2.80691230e+01  8.91250938e+08 -1.10964839e+02 
 9.17275935e+08  2.77798843e+01  9.17275935e+08 -1.12651685e+02 
 9.44060876e+08  2.74856866e+01  9.44060876e+08 -1.14340967e+02 
 9.71627952e+08  2.71865738e+01  9.71627952e+08 -1.16032274e+02 
 1.00000000e+09  2.68825939e+01  1.00000000e+09 -1.17725196e+02 
 1.02920053e+09  2.65737996e+01  1.02920053e+09 -1.19419328e+02 
 1.05925373e+09  2.62602480e+01  1.05925373e+09 -1.21114266e+02 
 1.09018449e+09  2.59420010e+01  1.09018449e+09 -1.22809611e+02 
 1.12201845e+09  2.56191255e+01  1.12201845e+09 -1.24504969e+02 
 1.15478198e+09  2.52916936e+01  1.15478198e+09 -1.26199956e+02 
 1.18850223e+09  2.49597825e+01  1.18850223e+09 -1.27894190e+02 
 1.22320712e+09  2.46234749e+01  1.22320712e+09 -1.29587302e+02 
 1.25892541e+09  2.42828587e+01  1.25892541e+09 -1.31278933e+02 
 1.29568670e+09  2.39380274e+01  1.29568670e+09 -1.32968735e+02 
 1.33352143e+09  2.35890801e+01  1.33352143e+09 -1.34656373e+02 
 1.37246096e+09  2.32361214e+01  1.37246096e+09 -1.36341527e+02 
 1.41253754e+09  2.28792611e+01  1.41253754e+09 -1.38023893e+02 
 1.45378439e+09  2.25186147e+01  1.45378439e+09 -1.39703186e+02 
 1.49623566e+09  2.21543029e+01  1.49623566e+09 -1.41379136e+02 
 1.53992653e+09  2.17864516e+01  1.53992653e+09 -1.43051495e+02 
 1.58489319e+09  2.14151916e+01  1.58489319e+09 -1.44720035e+02 
 1.63117291e+09  2.10406588e+01  1.63117291e+09 -1.46384549e+02 
 1.67880402e+09  2.06629936e+01  1.67880402e+09 -1.48044851e+02 
 1.72782598e+09  2.02823408e+01  1.72782598e+09 -1.49700779e+02 
 1.77827941e+09  1.98988495e+01  1.77827941e+09 -1.51352191e+02 
 1.83020611e+09  1.95126725e+01  1.83020611e+09 -1.52998969e+02 
 1.88364909e+09  1.91239665e+01  1.88364909e+09 -1.54641016e+02 
 1.93865264e+09  1.87328915e+01  1.93865264e+09 -1.56278257e+02 
 1.99526231e+09  1.83396104e+01  1.99526231e+09 -1.57910636e+02 
 2.05352503e+09  1.79442890e+01  2.05352503e+09 -1.59538120e+02 
 2.11348904e+09  1.75470956e+01  2.11348904e+09 -1.61160691e+02 
 2.17520403e+09  1.71482005e+01  2.17520403e+09 -1.62778350e+02 
 2.23872114e+09  1.67477758e+01  2.23872114e+09 -1.64391115e+02 
 2.30409298e+09  1.63459951e+01  2.30409298e+09 -1.65999015e+02 
 2.37137371e+09  1.59430333e+01  2.37137371e+09 -1.67602094e+02 
 2.44061907e+09  1.55390659e+01  2.44061907e+09 -1.69200405e+02 
 2.51188643e+09  1.51342690e+01  2.51188643e+09 -1.70794009e+02 
 2.58523484e+09  1.47288190e+01  2.58523484e+09 -1.72382973e+02 
 2.66072506e+09  1.43228921e+01  2.66072506e+09 -1.73967370e+02 
 2.73841963e+09  1.39166638e+01  2.73841963e+09 -1.75547272e+02 
 2.81838293e+09  1.35103092e+01  2.81838293e+09 -1.77122750e+02 
 2.90068120e+09  1.31040019e+01  2.90068120e+09 -1.78693876e+02 
 2.98538262e+09  1.26979142e+01  2.98538262e+09  1.79739288e+02 
 3.07255737e+09  1.22922168e+01  3.07255737e+09  1.78176684e+02 
 3.16227766e+09  1.18870779e+01  3.16227766e+09  1.76618263e+02 
 3.25461783e+09  1.14826635e+01  3.25461783e+09  1.75063990e+02 
 3.34965439e+09  1.10791368e+01  3.34965439e+09  1.73513840e+02 
 3.44746607e+09  1.06766579e+01  3.44746607e+09  1.71967804e+02 
 3.54813389e+09  1.02753831e+01  3.54813389e+09  1.70425889e+02 
 3.65174127e+09  9.87546544e+00  3.65174127e+09  1.68888119e+02 
 3.75837404e+09  9.47705342e+00  3.75837404e+09  1.67354535e+02 
 3.86812055e+09  9.08029126e+00  3.86812055e+09  1.65825200e+02 
 3.98107171e+09  8.68531835e+00  3.98107171e+09  1.64300195e+02 
 4.09732110e+09  8.29226899e+00  4.09732110e+09  1.62779619e+02 
 4.21696503e+09  7.90127209e+00  4.21696503e+09  1.61263595e+02 
 4.34010264e+09  7.51245084e+00  4.34010264e+09  1.59752262e+02 
 4.46683592e+09  7.12592249e+00  4.46683592e+09  1.58245780e+02 
 4.59726989e+09  6.74179804e+00  4.59726989e+09  1.56744328e+02 
 4.73151259e+09  6.36018204e+00  4.73151259e+09  1.55248102e+02 
 4.86967525e+09  5.98117236e+00  4.86967525e+09  1.53757313e+02 
 5.01187234e+09  5.60486003e+00  5.01187234e+09  1.52272188e+02 
 5.15822165e+09  5.23132905e+00  5.15822165e+09  1.50792966e+02 
 5.30884444e+09  4.86065630e+00  5.30884444e+09  1.49319900e+02 
 5.46386550e+09  4.49291147e+00  5.46386550e+09  1.47853247e+02 
 5.62341325e+09  4.12815695e+00  5.62341325e+09  1.46393276e+02 
 5.78761988e+09  3.76644790e+00  5.78761988e+09  1.44940256e+02 
 5.95662144e+09  3.40783221e+00  5.95662144e+09  1.43494462e+02 
 6.13055792e+09  3.05235064e+00  6.13055792e+09  1.42056165e+02 
 6.30957344e+09  2.70003686e+00  6.30957344e+09  1.40625636e+02 
 6.49381632e+09  2.35091766e+00  6.49381632e+09  1.39203138e+02 
 6.68343918e+09  2.00501308e+00  6.68343918e+09  1.37788928e+02 
 6.87859912e+09  1.66233671e+00  6.87859912e+09  1.36383250e+02 
 7.07945784e+09  1.32289589e+00  7.07945784e+09  1.34986339e+02 
 7.28618175e+09  9.86692028e-01  7.28618175e+09  1.33598412e+02 
 7.49894209e+09  6.53720917e-01  7.49894209e+09  1.32219670e+02 
 7.71791516e+09  3.23973099e-01  7.71791516e+09  1.30850294e+02 
 7.94328235e+09 -2.56577057e-03  7.94328235e+09  1.29490445e+02 
 8.17523038e+09 -3.25914529e-01  8.17523038e+09  1.28140263e+02 
 8.41395142e+09 -6.46096089e-01  8.41395142e+09  1.26799863e+02 
 8.65964323e+09 -9.63137022e-01  8.65964323e+09  1.25469333e+02 
 8.91250938e+09 -1.27706712e+00  8.91250938e+09  1.24148740e+02 
 9.17275935e+09 -1.58791896e+00  9.17275935e+09  1.22838121e+02 
 9.44060876e+09 -1.89572747e+00  9.44060876e+09  1.21537486e+02 
 9.71627952e+09 -2.20052948e+00  9.71627952e+09  1.20246821e+02 
 1.00000000e+10 -2.50236329e+00  1.00000000e+10  1.18966080e+02 
 1.02920053e+10 -2.80126826e+00  1.02920053e+10  1.17695195e+02 
 1.05925373e+10 -3.09728438e+00  1.05925373e+10  1.16434067e+02 
 1.09018449e+10 -3.39045187e+00  1.09018449e+10  1.15182572e+02 
 1.12201845e+10 -3.68081078e+00  1.12201845e+10  1.13940563e+02 
 1.15478198e+10 -3.96840065e+00  1.15478198e+10  1.12707864e+02 
 1.18850223e+10 -4.25326014e+00  1.18850223e+10  1.11484278e+02 
 1.22320712e+10 -4.53542667e+00  1.22320712e+10  1.10269586e+02 
 1.25892541e+10 -4.81493613e+00  1.25892541e+10  1.09063545e+02 
 1.29568670e+10 -5.09182261e+00  1.29568670e+10  1.07865896e+02 
 1.33352143e+10 -5.36611806e+00  1.33352143e+10  1.06676357e+02 
 1.37246096e+10 -5.63785212e+00  1.37246096e+10  1.05494632e+02 
 1.41253754e+10 -5.90705180e+00  1.41253754e+10  1.04320410e+02 
 1.45378439e+10 -6.17374135e+00  1.45378439e+10  1.03153366e+02 
 1.49623566e+10 -6.43794204e+00  1.49623566e+10  1.01993162e+02 
 1.53992653e+10 -6.69967199e+00  1.53992653e+10  1.00839453e+02 
 1.58489319e+10 -6.95894603e+00  1.58489319e+10  9.96918820e+01 
 1.63117291e+10 -7.21577557e+00  1.63117291e+10  9.85500894e+01 
 1.67880402e+10 -7.47016854e+00  1.67880402e+10  9.74137096e+01 
 1.72782598e+10 -7.72212924e+00  1.72782598e+10  9.62823750e+01 
 1.77827941e+10 -7.97165832e+00  1.77827941e+10  9.51557178e+01 
 1.83020611e+10 -8.21875276e+00  1.83020611e+10  9.40333718e+01 
 1.88364909e+10 -8.46340578e+00  1.88364909e+10  9.29149743e+01 
 1.93865264e+10 -8.70560692e+00  1.93865264e+10  9.18001681e+01 
 1.99526231e+10 -8.94534199e+00  1.99526231e+10  9.06886036e+01 
 2.05352503e+10 -9.18259316e+00  2.05352503e+10  8.95799408e+01 
 2.11348904e+10 -9.41733899e+00  2.11348904e+10  8.84738508e+01 
 2.17520403e+10 -9.64955453e+00  2.17520403e+10  8.73700184e+01 
 2.23872114e+10 -9.87921141e+00  2.23872114e+10  8.62681431e+01 
 2.30409298e+10 -1.01062779e+01  2.30409298e+10  8.51679420e+01 
 2.37137371e+10 -1.03307193e+01  2.37137371e+10  8.40691506e+01 
 2.44061907e+10 -1.05524977e+01  2.44061907e+10  8.29715253e+01 
 2.51188643e+10 -1.07715725e+01  2.51188643e+10  8.18748448e+01 
 2.58523484e+10 -1.09879004e+01  2.58523484e+10  8.07789116e+01 
 2.66072506e+10 -1.12014359e+01  2.66072506e+10  7.96835538e+01 
 2.73841963e+10 -1.14121313e+01  2.73841963e+10  7.85886263e+01 
 2.81838293e+10 -1.16199368e+01  2.81838293e+10  7.74940124e+01 
 2.90068120e+10 -1.18248014e+01  2.90068120e+10  7.63996251e+01 
 2.98538262e+10 -1.20266726e+01  2.98538262e+10  7.53054076e+01 
 3.07255737e+10 -1.22254970e+01  3.07255737e+10  7.42113350e+01 
 3.16227766e+10 -1.24212206e+01  3.16227766e+10  7.31174146e+01 
 3.25461783e+10 -1.26137892e+01  3.25461783e+10  7.20236870e+01 
 3.34965439e+10 -1.28031484e+01  3.34965439e+10  7.09302259e+01 
 3.44746607e+10 -1.29892448e+01  3.44746607e+10  6.98371390e+01 
 3.54813389e+10 -1.31720254e+01  3.54813389e+10  6.87445675e+01 
 3.65174127e+10 -1.33514387e+01  3.65174127e+10  6.76526865e+01 
 3.75837404e+10 -1.35274348e+01  3.75837404e+10  6.65617041e+01 
 3.86812055e+10 -1.36999658e+01  3.86812055e+10  6.54718610e+01 
 3.98107171e+10 -1.38689863e+01  3.98107171e+10  6.43834299e+01 
 4.09732110e+10 -1.40344536e+01  4.09732110e+10  6.32967139e+01 
 4.21696503e+10 -1.41963283e+01  4.21696503e+10  6.22120456e+01 
 4.34010264e+10 -1.43545744e+01  4.34010264e+10  6.11297854e+01 
 4.46683592e+10 -1.45091599e+01  4.46683592e+10  6.00503198e+01 
 4.59726989e+10 -1.46600569e+01  4.59726989e+10  5.89740596e+01 
 4.73151259e+10 -1.48072418e+01  4.73151259e+10  5.79014372e+01 
 4.86967525e+10 -1.49506959e+01  4.86967525e+10  5.68329051e+01 
 5.01187234e+10 -1.50904055e+01  5.01187234e+10  5.57689328e+01 
 5.15822165e+10 -1.52263618e+01  5.15822165e+10  5.47100043e+01 
 5.30884444e+10 -1.53585613e+01  5.30884444e+10  5.36566157e+01 
 5.46386550e+10 -1.54870061e+01  5.46386550e+10  5.26092719e+01 
 5.62341325e+10 -1.56117035e+01  5.62341325e+10  5.15684844e+01 
 5.78761988e+10 -1.57326665e+01  5.78761988e+10  5.05347677e+01 
 5.95662144e+10 -1.58499133e+01  5.95662144e+10  4.95086370e+01 
 6.13055792e+10 -1.59634679e+01  6.13055792e+10  4.84906051e+01 
 6.30957344e+10 -1.60733594e+01  6.30957344e+10  4.74811798e+01 
 6.49381632e+10 -1.61796221e+01  6.49381632e+10  4.64808609e+01 
 6.68343918e+10 -1.62822955e+01  6.68343918e+10  4.54901379e+01 
 6.87859912e+10 -1.63814240e+01  6.87859912e+10  4.45094877e+01 
 7.07945784e+10 -1.64770564e+01  7.07945784e+10  4.35393718e+01 
 7.28618175e+10 -1.65692462e+01  7.28618175e+10  4.25802348e+01 
 7.49894209e+10 -1.66580508e+01  7.49894209e+10  4.16325020e+01 
 7.71791516e+10 -1.67435315e+01  7.71791516e+10  4.06965781e+01 
 7.94328235e+10 -1.68257532e+01  7.94328235e+10  3.97728452e+01 
 8.17523038e+10 -1.69047839e+01  8.17523038e+10  3.88616620e+01 
 8.41395142e+10 -1.69806945e+01  8.41395142e+10  3.79633626e+01 
 8.65964323e+10 -1.70535584e+01  8.65964323e+10  3.70782554e+01 
 8.91250938e+10 -1.71234514e+01  8.91250938e+10  3.62066227e+01 
 9.17275935e+10 -1.71904507e+01  9.17275935e+10  3.53487202e+01 
 9.44060876e+10 -1.72546356e+01  9.44060876e+10  3.45047767e+01 
 9.71627952e+10 -1.73160861e+01  9.71627952e+10  3.36749943e+01 
 1.00000000e+11 -1.73748833e+01  1.00000000e+11  3.28595481e+01 
 1.02920053e+11 -1.74311090e+01  1.02920053e+11  3.20585868e+01 
 1.05925373e+11 -1.74848451e+01  1.05925373e+11  3.12722331e+01 
 1.09018449e+11 -1.75361736e+01  1.09018449e+11  3.05005843e+01 
 1.12201845e+11 -1.75851761e+01  1.12201845e+11  2.97437129e+01 
 1.15478198e+11 -1.76319340e+01  1.15478198e+11  2.90016674e+01 
 1.18850223e+11 -1.76765278e+01  1.18850223e+11  2.82744732e+01 
 1.22320712e+11 -1.77190371e+01  1.22320712e+11  2.75621336e+01 
 1.25892541e+11 -1.77595405e+01  1.25892541e+11  2.68646310e+01 
 1.29568670e+11 -1.77981152e+01  1.29568670e+11  2.61819276e+01 
 1.33352143e+11 -1.78348371e+01  1.33352143e+11  2.55139668e+01 
 1.37246096e+11 -1.78697806e+01  1.37246096e+11  2.48606742e+01 
 1.41253754e+11 -1.79030182e+01  1.41253754e+11  2.42219588e+01 
 1.45378439e+11 -1.79346208e+01  1.45378439e+11  2.35977142e+01 
 1.49623566e+11 -1.79646576e+01  1.49623566e+11  2.29878195e+01 
 1.53992653e+11 -1.79931957e+01  1.53992653e+11  2.23921409e+01 
 1.58489319e+11 -1.80203004e+01  1.58489319e+11  2.18105323e+01 
 1.63117291e+11 -1.80460347e+01  1.63117291e+11  2.12428367e+01 
 1.67880402e+11 -1.80704599e+01  1.67880402e+11  2.06888872e+01 
 1.72782598e+11 -1.80936352e+01  1.72782598e+11  2.01485078e+01 
 1.77827941e+11 -1.81156176e+01  1.77827941e+11  1.96215149e+01 
 1.83020611e+11 -1.81364621e+01  1.83020611e+11  1.91077175e+01 
 1.88364909e+11 -1.81562217e+01  1.88364909e+11  1.86069188e+01 
 1.93865264e+11 -1.81749475e+01  1.93865264e+11  1.81189167e+01 
 1.99526231e+11 -1.81926884e+01  1.99526231e+11  1.76435045e+01 
 2.05352503e+11 -1.82094914e+01  2.05352503e+11  1.71804721e+01 
 2.11348904e+11 -1.82254015e+01  2.11348904e+11  1.67296061e+01 
 2.17520403e+11 -1.82404620e+01  2.17520403e+11  1.62906911e+01 
 2.23872114e+11 -1.82547141e+01  2.23872114e+11  1.58635099e+01 
 2.30409298e+11 -1.82681974e+01  2.30409298e+11  1.54478442e+01 
 2.37137371e+11 -1.82809495e+01  2.37137371e+11  1.50434751e+01 
 2.44061907e+11 -1.82930066e+01  2.44061907e+11  1.46501839e+01 
 2.51188643e+11 -1.83044030e+01  2.51188643e+11  1.42677521e+01 
 2.58523484e+11 -1.83151713e+01  2.58523484e+11  1.38959621e+01 
 2.66072506e+11 -1.83253429e+01  2.66072506e+11  1.35345974e+01 
 2.73841963e+11 -1.83349473e+01  2.73841963e+11  1.31834434e+01 
 2.81838293e+11 -1.83440128e+01  2.81838293e+11  1.28422870e+01 
 2.90068120e+11 -1.83525661e+01  2.90068120e+11  1.25109177e+01 
 2.98538262e+11 -1.83606327e+01  2.98538262e+11  1.21891271e+01 
 3.07255737e+11 -1.83682368e+01  3.07255737e+11  1.18767096e+01 
 3.16227766e+11 -1.83754012e+01  3.16227766e+11  1.15734626e+01 
 3.25461783e+11 -1.83821476e+01  3.25461783e+11  1.12791864e+01 
 3.34965439e+11 -1.83884965e+01  3.34965439e+11  1.09936847e+01 
 3.44746607e+11 -1.83944673e+01  3.44746607e+11  1.07167643e+01 
 3.54813389e+11 -1.84000783e+01  3.54813389e+11  1.04482359e+01 
 3.65174127e+11 -1.84053467e+01  3.65174127e+11  1.01879133e+01 
 3.75837404e+11 -1.84102889e+01  3.75837404e+11  9.93561441e+00 
 3.86812055e+11 -1.84149202e+01  3.86812055e+11  9.69116064e+00 
 3.98107171e+11 -1.84192550e+01  3.98107171e+11  9.45437728e+00 
 4.09732110e+11 -1.84233069e+01  4.09732110e+11  9.22509343e+00 
 4.21696503e+11 -1.84270887e+01  4.21696503e+11  9.00314206e+00 
 4.34010264e+11 -1.84306121e+01  4.34010264e+11  8.78836003e+00 
 4.46683592e+11 -1.84338884e+01  4.46683592e+11  8.58058809e+00 
 4.59726989e+11 -1.84369279e+01  4.59726989e+11  8.37967087e+00 
 4.73151259e+11 -1.84397404e+01  4.73151259e+11  8.18545686e+00 
 4.86967525e+11 -1.84423347e+01  4.86967525e+11  7.99779840e+00 
 5.01187234e+11 -1.84447192e+01  5.01187234e+11  7.81655166e+00 
 5.15822165e+11 -1.84469015e+01  5.15822165e+11  7.64157658e+00 
 5.30884444e+11 -1.84488888e+01  5.30884444e+11  7.47273683e+00 
 5.46386550e+11 -1.84506874e+01  5.46386550e+11  7.30989977e+00 
 5.62341325e+11 -1.84523033e+01  5.62341325e+11  7.15293640e+00 
 5.78761988e+11 -1.84537418e+01  5.78761988e+11  7.00172125e+00 
 5.95662144e+11 -1.84550076e+01  5.95662144e+11  6.85613236e+00 
 6.13055792e+11 -1.84561050e+01  6.13055792e+11  6.71605120e+00 
 6.30957344e+11 -1.84570378e+01  6.30957344e+11  6.58136257e+00 
 6.49381632e+11 -1.84578091e+01  6.49381632e+11  6.45195452e+00 
 6.68343918e+11 -1.84584217e+01  6.68343918e+11  6.32771826e+00 
 6.87859912e+11 -1.84588780e+01  6.87859912e+11  6.20854808e+00 
 7.07945784e+11 -1.84591796e+01  7.07945784e+11  6.09434125e+00 
 7.28618175e+11 -1.84593281e+01  7.28618175e+11  5.98499787e+00 
 7.49894209e+11 -1.84593242e+01  7.49894209e+11  5.88042084e+00 
 7.71791516e+11 -1.84591685e+01  7.71791516e+11  5.78051566e+00 
 7.94328235e+11 -1.84588610e+01  7.94328235e+11  5.68519038e+00 
 8.17523038e+11 -1.84584013e+01  8.17523038e+11  5.59435541e+00 
 8.41395142e+11 -1.84577887e+01  8.41395142e+11  5.50792344e+00 
 8.65964323e+11 -1.84570219e+01  8.65964323e+11  5.42580930e+00 
 8.91250938e+11 -1.84560993e+01  8.91250938e+11  5.34792978e+00 
 9.17275935e+11 -1.84550189e+01  9.17275935e+11  5.27420351e+00 
 9.44060876e+11 -1.84537783e+01  9.44060876e+11  5.20455079e+00 
 9.71627952e+11 -1.84523747e+01  9.71627952e+11  5.13889344e+00 
 1.00000000e+12 -1.84508048e+01  1.00000000e+12  5.07715465e+00 
