 1.00000000e+06  2.20572910e+01  1.00000000e+06  1.79934920e+02 
 1.03912230e+06  2.20572906e+01  1.03912230e+06  1.79932374e+02 
 1.07977516e+06  2.20572901e+01  1.07977516e+06  1.79929728e+02 
 1.12201845e+06  2.20572896e+01  1.12201845e+06  1.79926979e+02 
 1.16591440e+06  2.20572890e+01  1.16591440e+06  1.79924122e+02 
 1.21152766e+06  2.20572884e+01  1.21152766e+06  1.79921154e+02 
 1.25892541e+06  2.20572878e+01  1.25892541e+06  1.79918069e+02 
 1.30817747e+06  2.20572871e+01  1.30817747e+06  1.79914864e+02 
 1.35935639e+06  2.20572864e+01  1.35935639e+06  1.79911533e+02 
 1.41253754e+06  2.20572856e+01  1.41253754e+06  1.79908072e+02 
 1.46779927e+06  2.20572847e+01  1.46779927e+06  1.79904475e+02 
 1.52522296e+06  2.20572838e+01  1.52522296e+06  1.79900738e+02 
 1.58489319e+06  2.20572828e+01  1.58489319e+06  1.79896855e+02 
 1.64689787e+06  2.20572817e+01  1.64689787e+06  1.79892819e+02 
 1.71132830e+06  2.20572805e+01  1.71132830e+06  1.79888626e+02 
 1.77827941e+06  2.20572793e+01  1.77827941e+06  1.79884269e+02 
 1.84784980e+06  2.20572779e+01  1.84784980e+06  1.79879741e+02 
 1.92014194e+06  2.20572764e+01  1.92014194e+06  1.79875037e+02 
 1.99526231e+06  2.20572748e+01  1.99526231e+06  1.79870148e+02 
 2.07332157e+06  2.20572731e+01  2.07332157e+06  1.79865068e+02 
 2.15443469e+06  2.20572712e+01  2.15443469e+06  1.79859789e+02 
 2.23872114e+06  2.20572692e+01  2.23872114e+06  1.79854304e+02 
 2.32630507e+06  2.20572671e+01  2.32630507e+06  1.79848604e+02 
 2.41731548e+06  2.20572647e+01  2.41731548e+06  1.79842681e+02 
 2.51188643e+06  2.20572622e+01  2.51188643e+06  1.79836526e+02 
 2.61015722e+06  2.20572595e+01  2.61015722e+06  1.79830130e+02 
 2.71227258e+06  2.20572565e+01  2.71227258e+06  1.79823485e+02 
 2.81838293e+06  2.20572533e+01  2.81838293e+06  1.79816579e+02 
 2.92864456e+06  2.20572499e+01  2.92864456e+06  1.79809403e+02 
 3.04321989e+06  2.20572462e+01  3.04321989e+06  1.79801947e+02 
 3.16227766e+06  2.20572422e+01  3.16227766e+06  1.79794199e+02 
 3.28599325e+06  2.20572379e+01  3.28599325e+06  1.79786147e+02 
 3.41454887e+06  2.20572332e+01  3.41454887e+06  1.79777781e+02 
 3.54813389e+06  2.20572282e+01  3.54813389e+06  1.79769087e+02 
 3.68694506e+06  2.20572227e+01  3.68694506e+06  1.79760053e+02 
 3.83118685e+06  2.20572168e+01  3.83118685e+06  1.79750666e+02 
 3.98107171e+06  2.20572105e+01  3.98107171e+06  1.79740912e+02 
 4.13682040e+06  2.20572036e+01  4.13682040e+06  1.79730776e+02 
 4.29866235e+06  2.20571962e+01  4.29866235e+06  1.79720243e+02 
 4.46683592e+06  2.20571882e+01  4.46683592e+06  1.79709299e+02 
 4.64158883e+06  2.20571796e+01  4.64158883e+06  1.79697926e+02 
 4.82317848e+06  2.20571703e+01  4.82317848e+06  1.79686109e+02 
 5.01187234e+06  2.20571602e+01  5.01187234e+06  1.79673829e+02 
 5.20794833e+06  2.20571494e+01  5.20794833e+06  1.79661068e+02 
 5.41169527e+06  2.20571376e+01  5.41169527e+06  1.79647809e+02 
 5.62341325e+06  2.20571250e+01  5.62341325e+06  1.79634031e+02 
 5.84341413e+06  2.20571113e+01  5.84341413e+06  1.79619713e+02 
 6.07202196e+06  2.20570965e+01  6.07202196e+06  1.79604836e+02 
 6.30957344e+06  2.20570806e+01  6.30957344e+06  1.79589377e+02 
 6.55641849e+06  2.20570634e+01  6.55641849e+06  1.79573313e+02 
 6.81292069e+06  2.20570448e+01  6.81292069e+06  1.79556621e+02 
 7.07945784e+06  2.20570247e+01  7.07945784e+06  1.79539275e+02 
 7.35642254e+06  2.20570030e+01  7.35642254e+06  1.79521252e+02 
 7.64422274e+06  2.20569796e+01  7.64422274e+06  1.79502523e+02 
 7.94328235e+06  2.20569544e+01  7.94328235e+06  1.79483061e+02 
 8.25404185e+06  2.20569271e+01  8.25404185e+06  1.79462838e+02 
 8.57695899e+06  2.20568976e+01  8.57695899e+06  1.79441825e+02 
 8.91250938e+06  2.20568658e+01  8.91250938e+06  1.79419989e+02 
 9.26118728e+06  2.20568314e+01  9.26118728e+06  1.79397299e+02 
 9.62350626e+06  2.20567943e+01  9.62350626e+06  1.79373722e+02 
 1.00000000e+07  2.20567543e+01  1.00000000e+07  1.79349222e+02 
 1.03912230e+07  2.20567111e+01  1.03912230e+07  1.79323765e+02 
 1.07977516e+07  2.20566644e+01  1.07977516e+07  1.79297311e+02 
 1.12201845e+07  2.20566139e+01  1.12201845e+07  1.79269823e+02 
 1.16591440e+07  2.20565595e+01  1.16591440e+07  1.79241260e+02 
 1.21152766e+07  2.20565007e+01  1.21152766e+07  1.79211580e+02 
 1.25892541e+07  2.20564373e+01  1.25892541e+07  1.79180739e+02 
 1.30817747e+07  2.20563687e+01  1.30817747e+07  1.79148692e+02 
 1.35935639e+07  2.20562947e+01  1.35935639e+07  1.79115392e+02 
 1.41253754e+07  2.20562148e+01  1.41253754e+07  1.79080790e+02 
 1.46779927e+07  2.20561286e+01  1.46779927e+07  1.79044834e+02 
 1.52522296e+07  2.20560354e+01  1.52522296e+07  1.79007473e+02 
 1.58489319e+07  2.20559348e+01  1.58489319e+07  1.78968651e+02 
 1.64689787e+07  2.20558262e+01  1.64689787e+07  1.78928311e+02 
 1.71132830e+07  2.20557090e+01  1.71132830e+07  1.78886394e+02 
 1.77827941e+07  2.20555824e+01  1.77827941e+07  1.78842838e+02 
 1.84784980e+07  2.20554456e+01  1.84784980e+07  1.78797580e+02 
 1.92014194e+07  2.20552980e+01  1.92014194e+07  1.78750552e+02 
 1.99526231e+07  2.20551386e+01  1.99526231e+07  1.78701686e+02 
 2.07332157e+07  2.20549666e+01  2.07332157e+07  1.78650911e+02 
 2.15443469e+07  2.20547808e+01  2.15443469e+07  1.78598151e+02 
 2.23872114e+07  2.20545801e+01  2.23872114e+07  1.78543330e+02 
 2.32630507e+07  2.20543635e+01  2.32630507e+07  1.78486366e+02 
 2.41731548e+07  2.20541296e+01  2.41731548e+07  1.78427177e+02 
 2.51188643e+07  2.20538771e+01  2.51188643e+07  1.78365676e+02 
 2.61015722e+07  2.20536044e+01  2.61015722e+07  1.78301772e+02 
 2.71227258e+07  2.20533100e+01  2.71227258e+07  1.78235373e+02 
 2.81838293e+07  2.20529922e+01  2.81838293e+07  1.78166381e+02 
 2.92864456e+07  2.20526490e+01  2.92864456e+07  1.78094695e+02 
 3.04321989e+07  2.20522785e+01  3.04321989e+07  1.78020210e+02 
 3.16227766e+07  2.20518784e+01  3.16227766e+07  1.77942818e+02 
 3.28599325e+07  2.20514465e+01  3.28599325e+07  1.77862406e+02 
 3.41454887e+07  2.20509801e+01  3.41454887e+07  1.77778857e+02 
 3.54813389e+07  2.20504766e+01  3.54813389e+07  1.77692048e+02 
 3.68694506e+07  2.20499331e+01  3.68694506e+07  1.77601855e+02 
 3.83118685e+07  2.20493462e+01  3.83118685e+07  1.77508144e+02 
 3.98107171e+07  2.20487126e+01  3.98107171e+07  1.77410781e+02 
 4.13682040e+07  2.20480285e+01  4.13682040e+07  1.77309624e+02 
 4.29866235e+07  2.20472900e+01  4.29866235e+07  1.77204526e+02 
 4.46683592e+07  2.20464928e+01  4.46683592e+07  1.77095336e+02 
 4.64158883e+07  2.20456321e+01  4.64158883e+07  1.76981895e+02 
 4.82317848e+07  2.20447029e+01  4.82317848e+07  1.76864040e+02 
 5.01187234e+07  2.20436998e+01  5.01187234e+07  1.76741601e+02 
 5.20794833e+07  2.20426170e+01  5.20794833e+07  1.76614401e+02 
 5.41169527e+07  2.20414481e+01  5.41169527e+07  1.76482260e+02 
 5.62341325e+07  2.20401862e+01  5.62341325e+07  1.76344986e+02 
 5.84341413e+07  2.20388242e+01  5.84341413e+07  1.76202384e+02 
 6.07202196e+07  2.20373539e+01  6.07202196e+07  1.76054251e+02 
 6.30957344e+07  2.20357670e+01  6.30957344e+07  1.75900376e+02 
 6.55641849e+07  2.20340540e+01  6.55641849e+07  1.75740541e+02 
 6.81292069e+07  2.20322052e+01  6.81292069e+07  1.75574520e+02 
 7.07945784e+07  2.20302098e+01  7.07945784e+07  1.75402078e+02 
 7.35642254e+07  2.20280562e+01  7.35642254e+07  1.75222975e+02 
 7.64422274e+07  2.20257321e+01  7.64422274e+07  1.75036959e+02 
 7.94328235e+07  2.20232239e+01  7.94328235e+07  1.74843771e+02 
 8.25404185e+07  2.20205172e+01  8.25404185e+07  1.74643144e+02 
 8.57695899e+07  2.20175965e+01  8.57695899e+07  1.74434800e+02 
 8.91250938e+07  2.20144450e+01  8.91250938e+07  1.74218455e+02 
 9.26118728e+07  2.20110447e+01  9.26118728e+07  1.73993812e+02 
 9.62350626e+07  2.20073761e+01  9.62350626e+07  1.73760568e+02 
 1.00000000e+08  2.20034183e+01  1.00000000e+08  1.73518408e+02 
 1.03912230e+08  2.19991489e+01  1.03912230e+08  1.73267008e+02 
 1.07977516e+08  2.19945435e+01  1.07977516e+08  1.73006035e+02 
 1.12201845e+08  2.19895763e+01  1.12201845e+08  1.72735146e+02 
 1.16591440e+08  2.19842191e+01  1.16591440e+08  1.72453989e+02 
 1.21152766e+08  2.19784420e+01  1.21152766e+08  1.72162200e+02 
 1.25892541e+08  2.19722126e+01  1.25892541e+08  1.71859407e+02 
 1.30817747e+08  2.19654964e+01  1.30817747e+08  1.71545230e+02 
 1.35935639e+08  2.19582559e+01  1.35935639e+08  1.71219276e+02 
 1.41253754e+08  2.19504514e+01  1.41253754e+08  1.70881147e+02 
 1.46779927e+08  2.19420401e+01  1.46779927e+08  1.70530434e+02 
 1.52522296e+08  2.19329760e+01  1.52522296e+08  1.70166721e+02 
 1.58489319e+08  2.19232100e+01  1.58489319e+08  1.69789583e+02 
 1.64689787e+08  2.19126895e+01  1.64689787e+08  1.69398590e+02 
 1.71132830e+08  2.19013583e+01  1.71132830e+08  1.68993304e+02 
 1.77827941e+08  2.18891563e+01  1.77827941e+08  1.68573283e+02 
 1.84784980e+08  2.18760192e+01  1.84784980e+08  1.68138079e+02 
 1.92014194e+08  2.18618787e+01  1.92014194e+08  1.67687244e+02 
 1.99526231e+08  2.18466617e+01  1.99526231e+08  1.67220325e+02 
 2.07332157e+08  2.18302904e+01  2.07332157e+08  1.66736870e+02 
 2.15443469e+08  2.18126821e+01  2.15443469e+08  1.66236430e+02 
 2.23872114e+08  2.17937490e+01  2.23872114e+08  1.65718557e+02 
 2.32630507e+08  2.17733978e+01  2.32630507e+08  1.65182811e+02 
 2.41731548e+08  2.17515297e+01  2.41731548e+08  1.64628759e+02 
 2.51188643e+08  2.17280401e+01  2.51188643e+08  1.64055977e+02 
 2.61015722e+08  2.17028186e+01  2.61015722e+08  1.63464057e+02 
 2.71227258e+08  2.16757486e+01  2.71227258e+08  1.62852608e+02 
 2.81838293e+08  2.16467074e+01  2.81838293e+08  1.62221257e+02 
 2.92864456e+08  2.16155662e+01  2.92864456e+08  1.61569657e+02 
 3.04321989e+08  2.15821896e+01  3.04321989e+08  1.60897486e+02 
 3.16227766e+08  2.15464362e+01  3.16227766e+08  1.60204456e+02 
 3.28599325e+08  2.15081585e+01  3.28599325e+08  1.59490315e+02 
 3.41454887e+08  2.14672028e+01  3.41454887e+08  1.58754851e+02 
 3.54813389e+08  2.14234095e+01  3.54813389e+08  1.57997899e+02 
 3.68694506e+08  2.13766135e+01  3.68694506e+08  1.57219344e+02 
 3.83118685e+08  2.13266446e+01  3.83118685e+08  1.56419125e+02 
 3.98107171e+08  2.12733276e+01  3.98107171e+08  1.55597243e+02 
 4.13682040e+08  2.12164833e+01  4.13682040e+08  1.54753766e+02 
 4.29866235e+08  2.11559288e+01  4.29866235e+08  1.53888829e+02 
 4.46683592e+08  2.10914786e+01  4.46683592e+08  1.53002646e+02 
 4.64158883e+08  2.10229450e+01  4.64158883e+08  1.52095507e+02 
 4.82317848e+08  2.09501395e+01  4.82317848e+08  1.51167787e+02 
 5.01187234e+08  2.08728735e+01  5.01187234e+08  1.50219948e+02 
 5.20794833e+08  2.07909599e+01  5.20794833e+08  1.49252541e+02 
 5.41169527e+08  2.07042138e+01  5.41169527e+08  1.48266211e+02 
 5.62341325e+08  2.06124545e+01  5.62341325e+08  1.47261692e+02 
 5.84341413e+08  2.05155063e+01  5.84341413e+08  1.46239815e+02 
 6.07202196e+08  2.04132001e+01  6.07202196e+08  1.45201502e+02 
 6.30957344e+08  2.03053752e+01  6.30957344e+08  1.44147765e+02 
 6.55641849e+08  2.01918803e+01  6.55641849e+08  1.43079705e+02 
 6.81292069e+08  2.00725754e+01  6.81292069e+08  1.41998505e+02 
 7.07945784e+08  1.99473327e+01  7.07945784e+08  1.40905428e+02 
 7.35642254e+08  1.98160383e+01  7.35642254e+08  1.39801806e+02 
 7.64422274e+08  1.96785935e+01  7.64422274e+08  1.38689034e+02 
 7.94328235e+08  1.95349153e+01  7.94328235e+08  1.37568565e+02 
 8.25404185e+08  1.93849381e+01  8.25404185e+08  1.36441892e+02 
 8.57695899e+08  1.92286140e+01  8.57695899e+08  1.35310546e+02 
 8.91250938e+08  1.90659132e+01  8.91250938e+08  1.34176079e+02 
 9.26118728e+08  1.88968250e+01  9.26118728e+08  1.33040053e+02 
 9.62350626e+08  1.87213573e+01  9.62350626e+08  1.31904033e+02 
 1.00000000e+09  1.85395367e+01  1.00000000e+09  1.30769567e+02 
 1.03912230e+09  1.83514085e+01  1.03912230e+09  1.29638181e+02 
 1.07977516e+09  1.81570358e+01  1.07977516e+09  1.28511365e+02 
 1.12201845e+09  1.79564989e+01  1.12201845e+09  1.27390562e+02 
 1.16591440e+09  1.77498944e+01  1.16591440e+09  1.26277158e+02 
 1.21152766e+09  1.75373344e+01  1.21152766e+09  1.25172474e+02 
 1.25892541e+09  1.73189450e+01  1.25892541e+09  1.24077757e+02 
 1.30817747e+09  1.70948651e+01  1.30817747e+09  1.22994174e+02 
 1.35935639e+09  1.68652449e+01  1.35935639e+09  1.21922803e+02 
 1.41253754e+09  1.66302448e+01  1.41253754e+09  1.20864632e+02 
 1.46779927e+09  1.63900337e+01  1.46779927e+09  1.19820557e+02 
 1.52522296e+09  1.61447876e+01  1.52522296e+09  1.18791374e+02 
 1.58489319e+09  1.58946879e+01  1.58489319e+09  1.17777782e+02 
 1.64689787e+09  1.56399205e+01  1.64689787e+09  1.16780383e+02 
 1.71132830e+09  1.53806742e+01  1.71132830e+09  1.15799682e+02 
 1.77827941e+09  1.51171392e+01  1.77827941e+09  1.14836089e+02 
 1.84784980e+09  1.48495065e+01  1.84784980e+09  1.13889921e+02 
 1.92014194e+09  1.45779661e+01  1.92014194e+09  1.12961406e+02 
 1.99526231e+09  1.43027068e+01  1.99526231e+09  1.12050686e+02 
 2.07332157e+09  1.40239146e+01  2.07332157e+09  1.11157824e+02 
 2.15443469e+09  1.37417726e+01  2.15443469e+09  1.10282804e+02 
 2.23872114e+09  1.34564597e+01  2.23872114e+09  1.09425539e+02 
 2.32630507e+09  1.31681508e+01  2.32630507e+09  1.08585874e+02 
 2.41731548e+09  1.28770155e+01  2.41731548e+09  1.07763592e+02 
 2.51188643e+09  1.25832183e+01  2.51188643e+09  1.06958418e+02 
 2.61015722e+09  1.22869185e+01  2.61015722e+09  1.06170026e+02 
 2.71227258e+09  1.19882692e+01  2.71227258e+09  1.05398041e+02 
 2.81838293e+09  1.16874180e+01  2.81838293e+09  1.04642043e+02 
 2.92864456e+09  1.13845067e+01  2.92864456e+09  1.03901576e+02 
 3.04321989e+09  1.10796708e+01  3.04321989e+09  1.03176145e+02 
 3.16227766e+09  1.07730405e+01  3.16227766e+09  1.02465226e+02 
 3.28599325e+09  1.04647399e+01  3.28599325e+09  1.01768267e+02 
 3.41454887e+09  1.01548878e+01  3.41454887e+09  1.01084691e+02 
 3.54813389e+09  9.84359727e+00  3.54813389e+09  1.00413899e+02 
 3.68694506e+09  9.53097649e+00  3.68694506e+09  9.97552737e+01 
 3.83118685e+09  9.21712847e+00  3.83118685e+09  9.91081815e+01 
 3.98107171e+09  8.90215154e+00  3.98107171e+09  9.84719745e+01 
 4.13682040e+09  8.58613949e+00  4.13682040e+09  9.78459929e+01 
 4.29866235e+09  8.26918194e+00  4.29866235e+09  9.72295668e+01 
 4.46683592e+09  7.95136452e+00  4.46683592e+09  9.66220173e+01 
 4.64158883e+09  7.63276921e+00  4.64158883e+09  9.60226586e+01 
 4.82317848e+09  7.31347461e+00  4.82317848e+09  9.54307988e+01 
 5.01187234e+09  6.99355626e+00  5.01187234e+09  9.48457409e+01 
 5.20794833e+09  6.67308687e+00  5.20794833e+09  9.42667840e+01 
 5.41169527e+09  6.35213667e+00  5.41169527e+09  9.36932239e+01 
 5.62341325e+09  6.03077369e+00  5.62341325e+09  9.31243537e+01 
 5.84341413e+09  5.70906404e+00  5.84341413e+09  9.25594646e+01 
 6.07202196e+09  5.38707223e+00  6.07202196e+09  9.19978461e+01 
 6.30957344e+09  5.06486141e+00  6.30957344e+09  9.14387865e+01 
 6.55641849e+09  4.74249374e+00  6.55641849e+09  9.08815734e+01 
 6.81292069e+09  4.42003060e+00  6.81292069e+09  9.03254935e+01 
 7.07945784e+09  4.09753294e+00  7.07945784e+09  8.97698334e+01 
 7.35642254e+09  3.77506153e+00  7.35642254e+09  8.92138796e+01 
 7.64422274e+09  3.45267728e+00  7.64422274e+09  8.86569186e+01 
 7.94328235e+09  3.13044150e+00  7.94328235e+09  8.80982374e+01 
 8.25404185e+09  2.80841621e+00  8.25404185e+09  8.75371233e+01 
 8.57695899e+09  2.48666442e+00  8.57695899e+09  8.69728649e+01 
 8.91250938e+09  2.16525044e+00  8.91250938e+09  8.64047516e+01 
 9.26118728e+09  1.84424015e+00  9.26118728e+09  8.58320745e+01 
 9.62350626e+09  1.52370128e+00  9.62350626e+09  8.52541269e+01 
 1.00000000e+10  1.20370376e+00  1.00000000e+10  8.46702044e+01 
 1.03912230e+10  8.84319959e-01  1.03912230e+10  8.40796061e+01 
 1.07977516e+10  5.65624991e-01  1.07977516e+10  8.34816348e+01 
 1.12201845e+10  2.47697029e-01  1.12201845e+10  8.28755983e+01 
 1.16591440e+10 -6.93824233e-02  1.16591440e+10  8.22608104e+01 
 1.21152766e+10 -3.85528234e-01  1.21152766e+10  8.16365918e+01 
 1.25892541e+10 -7.00651365e-01  1.25892541e+10  8.10022719e+01 
 1.30817747e+10 -1.01465859e+00  1.30817747e+10  8.03571901e+01 
 1.35935639e+10 -1.32745222e+00  1.35935639e+10  7.97006975e+01 
 1.41253754e+10 -1.63892986e+00  1.41253754e+10  7.90321591e+01 
 1.46779927e+10 -1.94898415e+00  1.46779927e+10  7.83509559e+01 
 1.52522296e+10 -2.25750258e+00  1.52522296e+10  7.76564876e+01 
 1.58489319e+10 -2.56436720e+00  1.58489319e+10  7.69481749e+01 
 1.64689787e+10 -2.86945455e+00  1.64689787e+10  7.62254628e+01 
 1.71132830e+10 -3.17263545e+00  1.71132830e+10  7.54878238e+01 
 1.77827941e+10 -3.47377492e+00  1.77827941e+10  7.47347614e+01 
 1.84784980e+10 -3.77273210e+00  1.84784980e+10  7.39658138e+01 
 1.92014194e+10 -4.06936025e+00  1.92014194e+10  7.31805578e+01 
 1.99526231e+10 -4.36350682e+00  1.99526231e+10  7.23786136e+01 
 2.07332157e+10 -4.65501352e+00  2.07332157e+10  7.15596486e+01 
 2.15443469e+10 -4.94371653e+00  2.15443469e+10  7.07233822e+01 
 2.23872114e+10 -5.22944675e+00  2.23872114e+10  6.98695910e+01 
 2.32630507e+10 -5.51203015e+00  2.32630507e+10  6.89981131e+01 
 2.41731548e+10 -5.79128821e+00  2.41731548e+10  6.81088532e+01 
 2.51188643e+10 -6.06703848e+00  2.51188643e+10  6.72017878e+01 
 2.61015722e+10 -6.33909516e+00  2.61015722e+10  6.62769692e+01 
 2.71227258e+10 -6.60726993e+00  2.71227258e+10  6.53345308e+01 
 2.81838293e+10 -6.87137272e+00  2.81838293e+10  6.43746908e+01 
 2.92864456e+10 -7.13121273e+00  2.92864456e+10  6.33977563e+01 
 3.04321989e+10 -7.38659946e+00  3.04321989e+10  6.24041264e+01 
 3.16227766e+10 -7.63734388e+00  3.16227766e+10  6.13942951e+01 
 3.28599325e+10 -7.88325970e+00  3.28599325e+10  6.03688530e+01 
 3.41454887e+10 -8.12416464e+00  3.41454887e+10  5.93284887e+01 
 3.54813389e+10 -8.35988191e+00  3.54813389e+10  5.82739884e+01 
 3.68694506e+10 -8.59024155e+00  3.68694506e+10  5.72062356e+01 
 3.83118685e+10 -8.81508197e+00  3.83118685e+10  5.61262088e+01 
 3.98107171e+10 -9.03425136e+00  3.98107171e+10  5.50349782e+01 
 4.13682040e+10 -9.24760916e+00  4.13682040e+10  5.39337014e+01 
 4.29866235e+10 -9.45502743e+00  4.29866235e+10  5.28236177e+01 
 4.46683592e+10 -9.65639215e+00  4.46683592e+10  5.17060416e+01 
 4.64158883e+10 -9.85160446e+00  4.64158883e+10  5.05823544e+01 
 4.82317848e+10 -1.00405817e+01  4.82317848e+10  4.94539956e+01 
 5.01187234e+10 -1.02232583e+01  5.01187234e+10  4.83224527e+01 
 5.20794833e+10 -1.03995866e+01  5.20794833e+10  4.71892508e+01 
 5.41169527e+10 -1.05695373e+01  5.41169527e+10  4.60559412e+01 
 5.62341325e+10 -1.07330998e+01  5.62341325e+10  4.49240895e+01 
 5.84341413e+10 -1.08902824e+01  5.84341413e+10  4.37952641e+01 
 6.07202196e+10 -1.10411121e+01  6.07202196e+10  4.26710239e+01 
 6.30957344e+10 -1.11856343e+01  6.30957344e+10  4.15529067e+01 
 6.55641849e+10 -1.13239123e+01  6.55641849e+10  4.04424179e+01 
 6.81292069e+10 -1.14560265e+01  6.81292069e+10  3.93410200e+01 
 7.07945784e+10 -1.15820736e+01  7.07945784e+10  3.82501222e+01 
 7.35642254e+10 -1.17021654e+01  7.35642254e+10  3.71710719e+01 
 7.64422274e+10 -1.18164277e+01  7.64422274e+10  3.61051464e+01 
 7.94328235e+10 -1.19249988e+01  7.94328235e+10  3.50535464e+01 
 8.25404185e+10 -1.20280286e+01  8.25404185e+10  3.40173898e+01 
 8.57695899e+10 -1.21256764e+01  8.57695899e+10  3.29977080e+01 
 8.91250938e+10 -1.22181100e+01  8.91250938e+10  3.19954422e+01 
 9.26118728e+10 -1.23055043e+01  9.26118728e+10  3.10114414e+01 
 9.62350626e+10 -1.23880392e+01  9.62350626e+10  3.00464617e+01 
 1.00000000e+11 -1.24658989e+01  1.00000000e+11  2.91011664e+01 
 1.03912230e+11 -1.25392702e+01  1.03912230e+11  2.81761271e+01 
 1.07977516e+11 -1.26083414e+01  1.07977516e+11  2.72718255e+01 
 1.12201845e+11 -1.26733008e+01  1.12201845e+11  2.63886564e+01 
 1.16591440e+11 -1.27343360e+01  1.16591440e+11  2.55269312e+01 
 1.21152766e+11 -1.27916327e+01  1.21152766e+11  2.46868812e+01 
 1.25892541e+11 -1.28453739e+01  1.25892541e+11  2.38686625e+01 
 1.30817747e+11 -1.28957392e+01  1.30817747e+11  2.30723607e+01 
 1.35935639e+11 -1.29429040e+01  1.35935639e+11  2.22979952e+01 
 1.41253754e+11 -1.29870388e+01  1.41253754e+11  2.15455245e+01 
 1.46779927e+11 -1.30283093e+01  1.46779927e+11  2.08148516e+01 
 1.52522296e+11 -1.30668753e+01  1.52522296e+11  2.01058284e+01 
 1.58489319e+11 -1.31028910e+01  1.58489319e+11  1.94182609e+01 
 1.64689787e+11 -1.31365042e+01  1.64689787e+11  1.87519141e+01 
 1.71132830e+11 -1.31678570e+01  1.71132830e+11  1.81065167e+01 
 1.77827941e+11 -1.31970848e+01  1.77827941e+11  1.74817652e+01 
 1.84784980e+11 -1.32243169e+01  1.84784980e+11  1.68773283e+01 
 1.92014194e+11 -1.32496763e+01  1.92014194e+11  1.62928510e+01 
 1.99526231e+11 -1.32732796e+01  1.99526231e+11  1.57279583e+01 
 2.07332157e+11 -1.32952375e+01  2.07332157e+11  1.51822582e+01 
 2.15443469e+11 -1.33156547e+01  2.15443469e+11  1.46553456e+01 
 2.23872114e+11 -1.33346299e+01  2.23872114e+11  1.41468048e+01 
 2.32630507e+11 -1.33522562e+01  2.32630507e+11  1.36562120e+01 
 2.41731548e+11 -1.33686215e+01  2.41731548e+11  1.31831385e+01 
 2.51188643e+11 -1.33838080e+01  2.51188643e+11  1.27271520e+01 
 2.61015722e+11 -1.33978932e+01  2.61015722e+11  1.22878191e+01 
 2.71227258e+11 -1.34109495e+01  2.71227258e+11  1.18647072e+01 
 2.81838293e+11 -1.34230447e+01  2.81838293e+11  1.14573855e+01 
 2.92864456e+11 -1.34342424e+01  2.92864456e+11  1.10654270e+01 
 3.04321989e+11 -1.34446017e+01  3.04321989e+11  1.06884095e+01 
 3.16227766e+11 -1.34541778e+01  3.16227766e+11  1.03259164e+01 
 3.28599325e+11 -1.34630222e+01  3.28599325e+11  9.97753817e+00 
 3.41454887e+11 -1.34711826e+01  3.41454887e+11  9.64287257e+00 
 3.54813389e+11 -1.34787034e+01  3.54813389e+11  9.32152572e+00 
 3.68694506e+11 -1.34856258e+01  3.68694506e+11  9.01311247e+00 
 3.83118685e+11 -1.34919878e+01  3.83118685e+11  8.71725691e+00 
 3.98107171e+11 -1.34978245e+01  3.98107171e+11  8.43359271e+00 
 4.13682040e+11 -1.35031685e+01  4.13682040e+11  8.16176343e+00 
 4.29866235e+11 -1.35080494e+01  4.29866235e+11  7.90142269e+00 
 4.46683592e+11 -1.35124948e+01  4.46683592e+11  7.65223433e+00 
 4.64158883e+11 -1.35165295e+01  4.64158883e+11  7.41387250e+00 
 4.82317848e+11 -1.35201765e+01  4.82317848e+11  7.18602165e+00 
 5.01187234e+11 -1.35234564e+01  5.01187234e+11  6.96837651e+00 
 5.20794833e+11 -1.35263881e+01  5.20794833e+11  6.76064206e+00 
 5.41169527e+11 -1.35289882e+01  5.41169527e+11  6.56253335e+00 
 5.62341325e+11 -1.35312719e+01  5.62341325e+11  6.37377539e+00 
 5.84341413e+11 -1.35332524e+01  5.84341413e+11  6.19410295e+00 
 6.07202196e+11 -1.35349415e+01  6.07202196e+11  6.02326034e+00 
 6.30957344e+11 -1.35363491e+01  6.30957344e+11  5.86100115e+00 
 6.55641849e+11 -1.35374839e+01  6.55641849e+11  5.70708798e+00 
 6.81292069e+11 -1.35383530e+01  6.81292069e+11  5.56129215e+00 
 7.07945784e+11 -1.35389619e+01  7.07945784e+11  5.42339331e+00 
 7.35642254e+11 -1.35393151e+01  7.35642254e+11  5.29317912e+00 
 7.64422274e+11 -1.35394154e+01  7.64422274e+11  5.17044485e+00 
 7.94328235e+11 -1.35392647e+01  7.94328235e+11  5.05499295e+00 
 8.25404185e+11 -1.35388632e+01  8.25404185e+11  4.94663261e+00 
 8.57695899e+11 -1.35382103e+01  8.57695899e+11  4.84517930e+00 
 8.91250938e+11 -1.35373039e+01  8.91250938e+11  4.75045421e+00 
 9.26118728e+11 -1.35361407e+01  9.26118728e+11  4.66228381e+00 
 9.62350626e+11 -1.35347165e+01  9.62350626e+11  4.58049917e+00 
 1.00000000e+12 -1.35330258e+01  1.00000000e+12  4.50493545e+00 
